   164.000000    
   165.000000    
   166.000000    
   164.000000    
   165.000000    
   166.000000    
   164.000000    
   165.000000    
   166.000000    
   165.000000    
   166.000000    
   167.000000    
   165.000000    
   166.000000    
   167.000000    
   162.000000    
   163.000000    
   164.000000    
   165.000000    
   166.000000    
   162.000000    
   163.000000    
   164.000000    
   165.000000    
   166.000000    
   162.000000    
   163.000000    
   164.000000    
   165.000000    
   166.000000    
   162.000000    
   163.000000    
   164.000000    
   165.000000    
   166.000000    
   163.000000    
   164.000000    
   165.000000    
   162.000000    
   163.000000    
   164.000000    
   165.000000    
   162.000000    
   163.000000    
   164.000000    
   165.000000    
   162.000000    
   163.000000    
   164.000000    
   165.000000    
   162.000000    
   163.000000    
   164.000000    
   162.000000    
   163.000000    
   164.000000    
   162.000000    
   163.000000    
   164.000000    
   162.000000    
   163.000000    
   164.000000    
   165.000000    
   162.000000    
   163.000000    
   164.000000    
   165.000000    
   162.000000    
   163.000000    
   164.000000    
   162.000000    
   163.000000    
   161.000000    
   162.000000    
   163.000000    
   161.000000    
   162.000000    
   163.000000    
   161.000000    
   162.000000    
   163.000000    
   161.000000    
   162.000000    
   163.000000    
   161.000000    
   162.000000    
   163.000000    
   161.000000    
   162.000000    
   163.000000    
   161.000000    
   162.000000    
   163.000000    
   161.000000    
   162.000000    
   163.000000    
   160.000000    
   161.000000    
   162.000000    
   163.000000    
   160.000000    
   161.000000    
   162.000000    
   163.000000    
   161.000000    
   162.000000    
   163.000000    
   161.000000    
   162.000000    
   163.000000    
   161.000000    
   162.000000    
   163.000000    
   161.000000    
   162.000000    
   163.000000    
   161.000000    
   162.000000    
   163.000000    
   161.000000    
   162.000000    
   163.000000    
   161.000000    
   162.000000    
   163.000000    
   162.000000    
   163.000000    
   162.000000    
   163.000000    
   161.000000    
   162.000000    
   163.000000    
