   160.000000    
   160.000000    
   161.000000    
   160.000000    
   161.000000    
   162.000000    
   163.000000    
   159.000000    
   160.000000    
   161.000000    
   162.000000    
   163.000000    
   159.000000    
   160.000000    
   161.000000    
   162.000000    
   163.000000    
   158.000000    
   159.000000    
   160.000000    
   161.000000    
   162.000000    
   163.000000    
   158.000000    
   159.000000    
   160.000000    
   161.000000    
   162.000000    
   163.000000    
   158.000000    
   159.000000    
   160.000000    
   161.000000    
   162.000000    
   163.000000    
   158.000000    
   159.000000    
   160.000000    
   161.000000    
   162.000000    
   163.000000    
   158.000000    
   159.000000    
   160.000000    
   161.000000    
   162.000000    
   163.000000    
   156.000000    
   157.000000    
   158.000000    
   159.000000    
   160.000000    
   161.000000    
   162.000000    
   163.000000    
   156.000000    
   157.000000    
   158.000000    
   159.000000    
   160.000000    
   161.000000    
   162.000000    
   163.000000    
   157.000000    
   158.000000    
   159.000000    
   160.000000    
   161.000000    
   162.000000    
   163.000000    
   158.000000    
   160.000000    
   161.000000    
   162.000000    
   163.000000    
   158.000000    
   160.000000    
   161.000000    
   162.000000    
   163.000000    
   160.000000    
   161.000000    
   162.000000    
   163.000000    
   157.000000    
   161.000000    
   162.000000    
   163.000000    
   157.000000    
   162.000000    
   163.000000    
   164.000000    
   162.000000    
   163.000000    
   164.000000    
   161.000000    
   161.000000    
   161.000000    
   161.000000    
   161.000000    
   162.000000    
   161.000000    
   162.000000    
