 20 20 20 20 20 20 20 20 20 20 20 20 20 20 20 20 20 20 20 20 20 20 20 20 20 20 20 20 20 20 20 20 20 20 20 77 77 77 77 80 77 77 82 82 82 82 82 82 83 83 83 83 83 83 83 84 84 84 84 84
 20 20 20 20 20 20 20 20 20 20 20 20 20 20 20 20 20 20 20 20 20 20 20 20 20 20 20 20 20 20 20 20 20 20 20 77 77 77 77 80 80 77 82 82 82 82 82 82 83 83 83 83 83 83 83 84 84 84 84 84
 20 20 20 20 20 20 20 20 20 20 20 20 20 20 20 20 20 20 20 20 20 20 20 20 20 20 20 20 20 20 20 20 20 20 20 77 77 77 77 80 80 80 80 82 82 82 82 82 83 83 83 83 83 83 83 84 84 84 84 84
 20 20 20 20 20 20 20 20 20 20 20 20 20 20 20 20 20 20 20 20 20 20 20 20 20 20 20 20 20 20 20 20 20 20 20 77 77 77 80 80 80 80 80 82 82 82 82 82 83 83 83 83 83 83 83 84 84 84 84 84
 20 20 20 20 20 20 20 20 20 20 20 20 20 20 20 20 20 20 20 20 20 20 20 20 20 20 20 20 20 20 20 20 20 20 77 77 77 77 80 80 80 80 80 82 82 82 82 83 83 83 83 83 83 83 83 83 84 84 84 84
 20 20 20 20 20 20 20 20 20 20 20 20 20 20 20 20 20 20 20 20 20 20 20 20 20 20 20 20 20 20 20 20 20 20 77 77 77 80 80 80 80 80 80 82 82 83 83 83 83 83 83 83 83 83 83 83 84 84 84 84
 20 20 20 20 20 20 20 20 20 20 20 20 20 20 20 20 20 20 20 20 20 20 20 20 20 20 20 20 20 20 20 20 20 20 77 77 77 80 80 80 80 80 80 82 82 83 83 83 83 83 83 83 83 83 83 83 84 84 84 84
 20 20 20 20 20 20 20 20 20 20 20 20 20 20 20 20 20 20 20 20 20 20 20 20 20 20 20 20 20 20 20 20 20 20 77 77 77 80 80 80 80 80 80 82 82 83 83 83 83 83 83 83 83 83 83 83 84 84 84 84
 20 20 20 20 20 20 20 20 20 20 20 20 20 20 20 20 20 20 20 20 20 20 20 20 20 20 20 20 20 20 20 20 20 77 20 77 77 80 80 80 80 80 80 82 82 83 83 83 83 83 83 83 83 83 83 83 84 84 84 84
 20 20 20 20 20 20 20 20 20 20 20 20 20 20 20 20 20 20 20 20 20 20 20 20 20 20 20 20 20 20 20 20 20 77 20 77 77 80 80 80 80 80 80 82 82 83 83 83 83 83 83 83 83 83 83 83 84 84 84 84
 20 20 20 20 20 20 20 20 20 20 20 20 20 20 20 20 20 20 20 20 20 20 20 20 20 20 20 20 20 20 20 20 20 77 20 80 80 80 80 80 80 80 80 82 82 83 83 83 83 83 83 83 83 83 83 83 84 84 84 84
 20 20 20 20 20 20 20 20 20 20 20 20 20 20 20 20 20 20 20 20 20 20 20 77 20 20 20 20 20 20 20 20 20 20 20 80 80 80 80 80 80 80 80 82 82 83 83 83 83 83 83 83 83 83 83 83 84 84 84 84
 20 20 20 20 20 20 20 20 20 20 20 20 20 20 20 20 20 20 20 20 20 20 20 20 20 20 20 20 20 20 20 20 20 20 20 77 80 80 80 80 80 80 80 82 82 83 83 83 83 83 83 83 83 83 83 83 84 84 84 84
 20 20 20 20 20 20 20 20 20 20 20 20 20 20 20 20 20 20 20 20 20 20 20 77 20 20 20 20 20 77 77 20 20 20 77 77 77 80 77 80 80 80 80 82 82 83 83 83 83 83 83 83 83 83 83 83 84 84 84 84
 20 20 20 20 20 20 20 20 20 20 20 20 20 20 20 20 20 20 20 20 20 20 20 20 20 20 20 20 20 20 77 77 77 20 77 77 77 80 77 80 80 80 80 81 81 81 83 83 83 83 83 83 83 83 83 83 83 84 84 84
 20 20 20 20 20 20 20 20 20 20 20 20 20 20 20 20 20 20 20 20 20 20 20 20 77 20 20 20 20 20 77 77 77 77 77 77 77 77 77 80 80 80 80 81 81 81 83 83 83 83 83 83 83 83 83 83 83 84 84 84
 20 20 20 20 20 20 20 20 20 20 20 20 20 20 20 20 20 20 20 20 20 20 20 20 77 20 20 20 20 77 77 77 77 20 77 77 80 77 77 77 80 80 80 81 81 81 83 83 83 83 83 83 83 83 83 83 83 84 84 84
 20 20 20 20 20 20 20 20 20 20 20 20 20 20 20 20 20 20 20 20 20 20 20 20 20 77 20 20 20 20 77 77 77 77 77 77 80 77 77 77 77 80 80 80 81 81 81 83 83 83 83 83 83 83 83 83 83 83 84 84
 20 20 20 20 20 20 20 20 20 20 20 20 20 20 20 20 20 20 20 20 20 20 20 20 20 77 20 20 77 77 77 77 77 77 77 77 77 77 77 77 77 80 80 80 81 81 81 83 83 83 83 83 83 83 83 83 83 83 84 84
 20 20 20 20 20 20 20 20 20 20 20 20 20 20 20 20 20 20 20 20 20 20 20 20 20 77 77 20 77 77 77 77 77 77 77 77 77 77 77 77 77 81 81 81 81 81 83 83 83 83 83 83 83 83 83 83 83 84 84 84
 20 20 20 20 20 20 20 20 20 20 20 20 20 20 20 20 20 20 20 20 20 20 20 20 20 77 77 20 77 77 77 77 77 77 77 77 77 77 77 77 77 81 81 81 81 81 83 83 83 83 83 83 83 83 83 83 83 84 84 84
 20 20 20 20 20 20 20 20 20 20 20 20 20 20 20 20 20 20 20 20 20 20 20 20 20 20 77 77 77 77 77 77 77 77 77 77 77 77 77 77 77 81 81 81 81 81 83 83 83 83 83 83 83 83 83 83 83 84 84 84
 20 20 20 20 20 20 20 20 20 20 20 20 20 20 20 20 20 20 20 20 20 20 20 20 20 20 77 77 77 77 77 77 77 77 77 77 77 77 77 77 77 81 81 81 81 81 83 83 83 83 83 83 83 83 83 83 83 84 84 84
 20 20 20 20 20 20 20 20 20 20 20 20 20 20 20 20 20 20 20 20 20 20 20 20 20 20 20 77 77 77 77 77 77 77 77 77 77 77 77 77 77 77 81 81 81 83 83 83 83 83 83 83 83 83 83 83 83 84 84 84
 20 20 20 20 20 20 20 20 20 20 20 20 20 20 20 20 20 20 20 20 20 20 20 20 20 20 20 77 77 77 77 77 77 77 77 77 77 77 77 77 77 81 81 81 81 83 83 83 83 83 83 83 83 83 83 83 83 84 84 84
 20 20 20 20 20 20 20 20 20 20 20 20 20 20 20 20 20 20 20 20 20 20 20 20 20 20 77 77 77 77 77 77 77 77 77 77 77 77 77 77 77 81 81 81 81 83 83 83 83 83 83 83 83 83 83 83 83 84 84 84
 20 20 20 20 20 20 20 20 20 20 20 20 20 20 20 20 20 20 20 20 20 20 20 20 20 20 20 77 77 77 77 77 77 77 77 77 77 77 77 77 77 81 81 81 81 83 83 83 83 83 83 83 83 83 83 83 83 84 84 84
 20 20 20 20 20 20 20 20 20 20 20 20 20 20 20 20 20 20 20 20 20 20 20 20 20 20 20 77 77 20 77 77 77 77 77 77 77 77 77 77 77 81 81 81 83 83 83 83 83 83 83 83 83 83 83 83 83 84 84 84
 20 20 20 20 20 20 20 20 20 20 20 20 20 20 20 20 20 20 20 20 20 20 20 20 20 20 20 20 20 77 77 77 77 77 77 77 77 77 77 77 77 81 81 81 83 83 83 83 83 83 83 83 83 83 83 83 83 84 84 84
 20 20 20 20 20 20 20 20 20 20 20 20 20 20 20 20 20 20 20 20 20 20 20 20 20 20 20 20 20 77 77 77 77 77 77 77 77 77 77 77 77 81 81 81 83 83 83 83 83 83 83 83 83 83 83 83 83 84 84 84
 20 20 20 20 20 20 20 20 20 20 20 20 20 20 20 20 20 20 20 20 20 20 20 20 20 20 20 20 20 77 77 77 77 77 77 77 77 77 77 77 77 81 81 81 81 83 83 83 83 83 83 83 83 83 83 83 83 84 84 84
 20 20 20 20 20 20 20 20 20 20 20 20 20 20 20 20 20 20 20 20 20 20 20 20 20 20 20 20 20 20 77 77 77 77 77 77 77 77 77 77 77 81 81 81 81 83 83 83 83 83 83 83 83 83 83 83 83 84 84 84
 20 20 20 20 20 20 20 20 20 20 20 20 20 20 20 20 20 20 20 20 20 20 20 20 20 20 20 20 20 20 77 77 77 77 77 77 77 77 77 77 77 81 81 81 83 83 83 83 83 83 83 83 83 83 83 83 83 84 84 84
 20 20 20 20 20 20 20 20 20 20 20 20 20 20 20 20 20 20 20 20 20 20 20 20 20 20 20 20 20 20 77 77 77 77 77 77 77 77 77 77 77 81 81 83 83 83 83 83 83 83 83 83 83 83 83 83 83 84 84 84
 20 20 20 20 20 20 20 20 20 20 20 20 20 20 20 20 20 20 20 20 20 20 20 20 20 20 20 20 20 20 77 77 77 77 77 77 77 77 77 77 81 81 81 83 83 83 83 83 83 83 83 83 83 83 83 83 83 84 84 84
 20 20 20 20 20 20 20 20 20 20 20 20 20 20 20 20 20 20 20 20 20 20 20 20 20 20 20 20 20 20 77 77 77 77 77 77 77 77 77 77 81 81 81 83 83 83 83 83 83 83 83 83 83 83 83 83 83 84 84 84
 20 20 20 20 20 20 20 20 20 20 20 20 20 20 20 20 20 20 20 20 20 20 20 20 20 20 20 20 20 20 77 77 77 77 77 77 77 77 77 77 81 81 81 83 83 83 83 83 83 83 83 83 83 83 83 83 83 84 84 84
 20 20 20 20 20 20 20 20 20 20 20 20 20 20 20 20 20 20 20 20 20 20 20 20 20 20 20 20 20 20 77 77 77 77 77 77 77 77 77 77 81 81 81 83 83 83 83 83 83 83 83 83 83 83 83 83 83 84 84 84
 20 20 20 20 20 20 20 20 20 20 20 20 20 20 20 20 20 20 20 20 20 20 20 20 20 20 20 20 20 77 77 77 77 77 77 77 77 77 77 77 81 81 81 83 83 83 83 83 83 83 83 83 83 83 83 83 83 84 84 84
 20 20 20 20 20 20 20 20 20 20 20 20 20 20 20 20 20 20 20 20 20 20 20 20 20 20 20 20 20 77 77 77 77 77 77 77 77 77 77 77 81 81 81 83 83 83 83 83 83 83 83 83 83 83 83 83 83 84 84 84
 20 20 20 20 20 20 20 20 20 20 20 20 20 20 20 20 20 20 20 20 20 20 20 20 20 20 20 20 20 77 77 77 77 77 77 77 77 77 77 77 81 81 81 83 83 83 83 83 83 83 83 83 83 83 83 83 83 84 84 84
 20 20 20 20 20 20 20 20 20 20 20 20 20 20 20 20 20 20 20 20 20 20 20 20 20 20 20 20 20 77 77 77 77 77 77 77 77 77 77 77 81 81 81 83 83 83 83 83 83 83 83 83 83 83 83 83 83 84 84 84
 20 20 20 20 20 20 20 20 20 20 20 20 20 20 20 20 20 20 20 20 20 20 20 20 20 20 20 20 77 77 77 77 77 77 77 77 77 77 77 81 81 81 81 83 83 83 83 83 83 83 83 83 83 83 83 83 83 84 84 84
 20 20 20 20 20 20 20 20 20 20 20 20 20 20 20 20 20 20 20 20 20 20 20 20 20 20 20 77 77 77 77 77 77 77 77 77 77 77 77 81 81 81 81 83 83 83 83 83 83 83 83 83 83 83 83 83 83 84 84 84
 20 20 20 20 20 20 20 20 20 20 20 20 20 20 20 20 20 20 20 20 20 20 20 20 20 20 77 77 77 77 77 77 77 77 77 77 77 77 77 77 81 81 81 83 83 83 83 83 83 83 83 83 83 83 83 83 83 84 84 84
 20 20 20 20 20 20 20 20 20 20 20 20 20 20 20 20 20 20 20 20 20 20 20 20 20 20 77 77 77 77 77 77 77 77 77 77 77 77 77 77 81 81 81 83 83 83 83 83 83 83 83 83 83 83 83 83 83 84 84 84
 20 20 20 20 20 20 20 20 20 20 20 20 20 20 20 20 20 20 20 20 20 20 20 20 20 77 77 77 77 77 77 77 77 77 77 77 77 77 77 77 81 81 81 83 83 83 83 83 83 83 83 83 83 83 83 83 83 84 84 84
 20 20 20 20 20 20 20 20 20 20 20 20 20 20 20 20 20 20 20 20 20 20 20 77 77 77 77 77 77 77 77 77 77 77 77 77 77 77 77 77 81 81 81 83 83 83 83 83 83 83 83 83 83 83 83 83 83 84 84 84
 20 20 20 20 20 20 20 20 20 20 20 20 20 20 20 20 20 20 20 20 20 20 20 77 20 77 77 77 77 77 77 77 77 77 77 77 77 77 77 77 81 81 81 83 83 83 83 83 83 83 83 83 83 83 83 83 83 84 84 84
 20 20 20 20 20 20 20 20 20 20 20 20 20 20 20 20 20 20 20 20 20 20 20 77 77 77 77 77 77 77 77 77 77 77 77 77 77 77 77 77 81 81 81 83 83 83 83 83 83 83 83 83 83 83 83 83 83 84 84 84
 20 20 20 20 20 20 20 20 20 20 20 20 20 20 20 20 20 20 20 20 20 20 20 77 77 77 77 77 77 77 77 77 77 77 77 77 77 77 77 77 81 81 81 83 83 83 83 83 83 83 83 83 83 83 83 83 83 84 84 84
 20 20 20 20 20 20 20 20 20 20 20 20 20 20 20 20 20 20 20 20 20 20 77 77 77 77 77 77 77 77 77 77 77 77 77 77 77 77 77 77 77 81 81 83 83 83 83 83 83 83 83 83 83 83 83 83 83 84 84 84
 20 20 20 20 20 20 20 20 20 20 20 20 20 20 20 20 20 20 20 20 77 77 77 77 77 77 77 77 77 77 77 77 77 77 77 77 77 77 77 77 77 81 81 83 83 83 83 83 83 83 83 83 83 83 83 83 83 84 84 84
 20 20 20 20 20 20 20 20 20 20 20 20 20 20 20 20 20 20 20 77 77 77 77 77 77 77 77 77 77 77 77 77 77 77 77 77 77 77 77 77 81 81 81 83 83 83 83 83 83 83 83 83 83 83 83 83 83 84 84 84
 20 20 20 20 20 20 20 20 20 20 20 20 20 20 20 20 20 20 20 77 77 77 77 77 77 77 77 77 77 77 77 77 77 77 77 77 77 77 77 77 83 77 77 83 83 83 83 83 83 83 83 83 83 83 83 83 83 84 84 84
 20 20 20 20 20 20 20 20 20 20 77 77 77 77 20 20 20 77 77 77 77 77 77 77 77 77 77 77 77 77 77 77 77 77 77 77 77 77 77 77 83 77 77 77 77 83 83 83 83 83 83 83 83 83 83 83 83 84 84 84
 20 20 20 20 20 20 20 20 77 77 77 77 77 77 77 77 77 77 77 77 77 77 77 77 77 77 77 77 77 77 77 77 77 77 77 77 77 77 77 77 83 77 77 77 77 83 83 83 83 83 83 83 83 83 83 83 83 84 84 84
 20 20 20 20 20 20 20 77 77 77 77 77 77 77 77 77 77 77 77 77 77 77 77 77 77 77 77 77 77 77 77 77 77 77 77 77 77 77 77 77 83 77 77 77 77 83 77 83 83 83 83 83 83 83 83 83 83 84 84 84
 20 20 20 20 20 77 77 77 77 77 77 77 77 77 77 77 77 77 77 77 77 77 77 77 77 77 77 77 77 77 77 77 77 77 77 77 77 77 77 77 83 77 77 77 77 83 77 83 83 83 83 83 83 83 83 83 83 84 84 84
 20 20 20 20 77 77 77 77 77 77 77 77 77 77 77 77 77 77 77 77 77 77 77 77 77 77 77 77 77 77 77 77 77 77 77 77 77 77 77 77 83 77 77 77 77 77 77 83 83 83 83 83 83 83 83 83 83 84 84 84
 20 20 20 20 77 77 77 77 77 77 77 77 77 77 77 77 77 77 77 77 77 77 77 77 77 77 77 77 77 77 77 77 77 77 77 77 77 77 77 77 83 83 77 77 77 83 77 77 83 83 83 83 83 83 83 83 83 84 84 84
 20 20 20 77 77 77 77 77 77 77 77 77 77 77 77 77 77 77 77 77 77 77 77 77 77 77 77 77 77 77 77 77 77 77 77 77 77 77 77 77 83 77 77 77 77 77 77 77 83 83 83 83 83 83 83 83 83 84 84 84
 20 20 77 77 77 77 77 77 77 77 77 77 77 77 77 77 77 77 77 77 77 77 77 77 77 77 77 77 77 77 77 77 77 77 77 77 77 77 77 83 77 77 77 77 77 77 77 77 83 83 83 83 83 83 83 83 83 84 84 84
 20 77 77 77 77 77 77 77 77 77 77 77 77 77 77 77 77 77 77 77 77 77 77 77 77 77 77 77 77 77 77 77 77 77 77 77 77 77 77 77 77 77 77 77 83 77 77 77 83 83 83 83 83 83 83 83 83 84 84 84
 77 77 77 77 77 77 77 77 77 77 77 77 77 77 77 77 77 77 77 77 77 77 77 77 77 77 77 77 77 77 77 77 77 77 77 77 77 77 77 77 77 77 77 77 83 77 77 83 83 83 83 83 83 83 83 83 84 84 84 84
 77 77 77 77 77 77 77 77 77 77 77 77 77 77 77 77 77 77 77 77 77 77 77 77 77 77 77 77 77 77 77 77 77 77 77 77 77 77 77 77 77 77 77 77 83 77 77 77 83 83 83 83 83 83 83 83 84 84 84 84
 20 77 77 77 77 77 77 77 77 77 77 77 77 77 77 77 77 77 77 77 77 77 77 77 77 77 77 77 77 77 77 77 77 77 77 77 77 77 77 77 77 77 77 83 77 77 77 77 83 83 83 83 83 83 83 83 84 84 84 84
 77 77 77 77 77 77 77 77 77 77 77 77 77 77 77 77 77 77 77 77 77 77 77 77 77 77 77 77 77 77 77 77 77 77 77 77 77 77 77 77 77 77 77 83 77 77 83 77 83 83 83 83 83 83 83 83 84 84 84 84
 77 77 77 77 77 77 77 77 77 77 77 77 77 77 77 77 77 77 77 77 77 77 77 77 77 77 77 77 77 77 77 77 77 77 77 77 77 77 77 77 77 77 77 83 77 77 83 77 77 83 83 83 83 83 83 83 83 84 84 84
 77 77 77 77 77 77 77 77 77 77 77 77 77 77 77 77 77 77 77 77 77 77 77 77 77 77 77 77 77 77 77 77 77 77 77 77 77 77 77 77 77 77 77 83 77 77 83 77 77 83 83 83 83 83 83 83 83 84 84 84
 77 77 77 77 77 77 77 77 77 77 77 77 77 77 77 77 77 77 77 77 77 77 77 77 77 77 77 77 77 77 77 77 77 77 77 77 77 77 77 77 77 77 77 83 83 77 77 83 83 83 83 83 83 83 83 83 83 84 84 84
 77 77 77 77 77 77 77 77 77 77 77 77 77 77 77 77 77 77 77 77 77 77 77 77 77 77 77 77 77 77 77 77 77 77 77 77 77 77 77 77 77 77 77 83 83 77 77 83 83 83 83 83 83 83 83 83 83 84 84 84
 77 77 77 77 77 77 77 77 77 77 77 77 77 77 77 77 77 77 77 77 77 77 77 77 77 77 77 77 77 77 77 77 77 77 77 77 77 77 77 77 77 77 77 77 83 77 83 83 83 83 83 83 83 83 83 83 83 84 84 84
 77 77 77 77 77 77 77 77 77 77 77 77 77 77 77 77 77 77 77 77 77 77 77 77 77 77 77 77 77 77 77 77 77 77 77 77 77 77 77 77 77 77 77 77 83 77 83 83 83 83 83 83 83 83 83 83 83 84 84 84
 77 77 77 77 77 77 77 77 77 77 77 77 77 77 77 77 77 77 77 77 77 77 77 77 77 77 77 77 77 77 77 77 77 77 77 77 77 77 77 77 77 77 77 77 83 77 83 77 83 77 83 83 83 83 83 83 84 84 84 84
 77 77 77 77 77 77 77 77 77 77 77 77 77 77 77 77 77 77 77 77 77 77 77 77 77 77 77 77 77 77 77 77 77 77 77 77 77 77 77 77 77 77 83 77 83 77 77 83 77 77 83 83 83 83 83 83 84 84 84 84
 77 77 77 77 77 77 77 77 77 77 77 77 77 77 77 77 77 77 77 77 77 77 77 77 77 77 77 77 77 77 77 77 77 77 77 77 77 77 77 77 77 83 83 83 83 77 77 83 77 77 83 83 83 83 83 83 84 84 84 84
 77 77 77 77 77 77 77 77 77 77 77 77 77 77 77 77 77 77 77 77 77 77 77 77 77 77 77 77 77 77 77 77 77 77 77 77 77 77 77 77 77 83 77 83 83 77 83 77 77 83 83 83 83 83 83 83 84 84 84 84
 77 77 77 77 77 77 77 77 77 77 77 77 77 77 77 77 77 77 77 77 77 77 77 77 77 77 77 77 77 77 77 77 77 77 77 77 77 77 83 77 77 83 77 83 83 77 77 77 77 83 83 83 83 83 83 83 84 84 84 84
 77 77 77 77 77 77 77 77 77 77 77 77 77 77 77 77 77 77 77 77 77 77 77 77 77 77 77 77 77 77 77 77 77 77 77 77 77 77 77 83 83 83 77 77 83 77 77 77 77 83 83 83 83 83 83 84 84 84 84 84
 77 77 77 77 77 77 77 77 77 77 77 77 77 77 77 77 77 77 77 77 77 77 77 77 77 77 77 77 77 77 77 77 77 77 77 77 77 77 77 77 84 77 77 77 84 77 77 77 77 84 77 84 84 84 84 84 84 84 84 84
 77 77 77 77 77 77 77 77 77 77 77 77 77 77 77 77 77 77 77 77 77 77 77 77 77 77 77 77 77 77 77 77 77 77 77 77 77 77 77 77 84 77 77 77 84 77 77 84 77 84 84 84 84 84 84 84 84 84 84 84
 77 77 77 77 77 77 77 77 77 77 77 77 77 77 77 77 77 77 77 77 77 77 77 77 77 77 77 77 77 77 77 77 77 77 77 77 77 77 77 77 84 77 77 77 84 77 84 84 77 84 84 84 84 84 84 84 84 84 84 84
 77 77 77 77 77 77 77 77 77 77 77 77 77 77 77 77 77 77 77 77 77 77 77 77 77 77 77 77 77 77 77 77 77 77 77 77 77 77 77 77 77 77 77 84 84 77 77 77 77 77 77 84 84 84 84 84 84 84 84 84
 77 77 77 77 77 77 77 77 77 77 77 77 77 77 77 77 77 77 77 77 77 77 77 77 77 77 77 77 77 77 77 77 77 77 77 77 77 77 84 77 77 77 77 77 77 77 77 77 77 77 77 84 84 84 84 84 84 84 84 84
 77 77 77 77 77 77 77 77 77 77 77 77 77 77 77 77 77 77 77 77 77 77 77 77 77 77 77 77 77 77 77 77 77 77 77 77 77 77 77 77 77 77 77 77 77 77 77 77 84 77 77 84 84 84 84 84 84 84 84 84
 77 77 77 77 77 77 77 77 77 77 77 77 77 77 77 77 77 77 77 77 77 77 77 77 77 77 77 77 77 63 63 77 77 77 77 77 77 77 77 77 77 77 77 77 77 84 77 77 77 77 77 77 84 84 84 84 84 84 84 84
 77 77 77 77 77 77 77 77 77 77 77 77 77 77 77 77 77 77 77 77 77 77 77 77 77 77 77 77 63 63 63 63 77 77 77 77 77 77 77 77 77 84 77 77 84 77 77 84 77 77 77 77 84 84 84 84 84 84 84 84
 77 77 77 77 77 77 77 77 77 77 77 77 77 77 77 77 77 77 77 77 77 77 77 77 77 77 77 77 63 63 63 63 77 77 77 77 77 77 77 77 84 84 84 77 77 77 77 84 77 77 77 77 84 84 84 84 84 84 84 84
 77 77 77 77 77 77 77 77 77 77 77 77 77 77 77 77 77 77 77 77 77 77 77 77 77 77 77 77 63 63 63 63 63 77 77 77 77 77 77 77 84 84 84 77 77 77 77 77 77 77 77 77 84 84 84 84 84 84 84 84
 77 77 77 77 77 77 77 77 77 77 77 77 77 77 77 77 77 77 77 77 77 77 77 77 77 77 77 63 63 63 63 63 63 63 77 77 77 77 77 77 77 77 77 84 77 77 77 84 77 77 77 77 84 84 84 84 84 84 84 84
 77 77 77 77 77 77 77 77 77 77 77 77 77 77 77 77 77 77 77 77 77 77 77 77 77 77 77 63 63 63 63 63 63 63 77 77 77 77 77 84 77 77 77 77 77 77 77 77 77 77 77 77 84 84 84 84 84 84 84 84
 77 77 77 77 77 77 77 77 77 77 77 77 77 77 77 77 77 77 77 77 77 77 77 77 77 77 63 63 63 63 63 63 63 63 77 77 77 77 84 84 77 77 77 77 77 77 77 77 77 77 77 77 84 84 84 84 84 84 84 84
 77 77 77 77 77 77 77 77 77 77 77 77 77 77 77 77 77 77 77 77 77 77 77 77 77 77 63 63 63 63 63 63 63 77 77 77 77 77 77 84 77 77 77 77 77 77 77 77 77 77 77 77 77 84 84 84 84 84 84 84
 77 77 77 77 77 77 77 77 77 77 77 77 77 77 77 77 77 77 77 77 77 77 77 77 77 77 63 63 63 63 63 63 63 77 77 77 77 77 77 77 77 77 77 77 77 77 77 77 77 77 77 77 77 84 84 84 84 84 84 84
 77 77 77 77 77 77 77 77 77 77 77 77 77 77 77 77 77 77 77 77 77 77 77 77 77 77 63 63 63 63 63 63 63 77 77 77 77 77 77 77 77 77 77 77 77 77 77 77 77 77 77 77 77 84 84 84 84 84 84 84
 77 77 77 77 77 77 77 77 77 77 77 77 77 77 77 77 77 77 77 77 77 77 77 77 77 77 63 63 63 63 63 63 77 63 77 77 77 77 77 77 77 77 77 77 77 77 77 77 77 77 77 77 77 84 84 84 84 84 84 84
 77 77 77 77 77 77 77 77 77 77 77 77 77 77 77 77 77 77 77 77 77 77 77 77 77 63 63 63 63 63 63 63 77 77 77 63 77 77 77 77 77 77 77 77 77 77 77 77 77 77 77 77 77 84 84 84 84 84 84 84
 77 77 77 77 77 77 77 77 77 77 77 77 77 77 77 77 77 77 77 77 77 77 77 63 63 63 63 63 63 63 63 63 63 77 77 63 63 77 77 77 77 77 77 77 77 77 77 77 77 77 77 77 77 84 84 84 84 84 84 84
 10 10 77 77 77 77 77 77 77 77 77 77 77 77 77 77 77 77 77 77 77 77 63 63 63 63 63 63 63 63 63 63 63 77 63 63 63 63 63 77 77 77 77 77 77 77 77 77 77 77 77 77 77 84 84 84 84 84 84 84
 10 10 10 77 77 77 77 77 77 77 77 77 77 77 77 77 77 77 77 77 77 77 63 63 77 63 77 63 63 63 63 77 77 63 63 63 63 63 63 77 77 77 77 77 77 77 77 77 77 77 77 77 77 84 84 84 84 84 84 84
 10 10 10 77 77 77 77 77 77 77 77 77 77 77 77 77 77 77 77 77 77 77 77 77 77 63 63 63 77 63 63 63 63 77 63 63 63 63 63 77 77 77 77 77 66 66 77 77 77 77 77 77 77 84 84 84 84 84 84 84
 10 10 10 10 77 77 77 77 77 77 77 77 77 77 77 77 77 77 77 77 77 77 77 77 77 77 63 63 77 77 77 77 77 77 77 77 63 77 63 77 77 77 77 77 66 66 66 77 77 77 77 77 77 84 84 84 84 84 84 84
 10 10 10 10 77 77 77 77 77 77 77 77 77 77 77 77 77 77 77 77 77 77 77 77 77 77 77 77 77 77 77 77 77 63 77 77 63 77 77 77 77 77 77 77 66 66 66 77 77 77 77 77 77 84 84 84 84 84 84 84
 10 10 10 10 10 10 10 77 77 77 77 77 77 77 77 77 77 77 77 77 77 77 77 77 77 77 77 77 77 77 77 77 77 63 77 77 63 77 77 77 77 77 77 66 66 66 66 66 77 77 77 77 77 84 84 84 84 84 84 84
 10 10 10 10 10 10 10 10 10 77 77 77 77 77 77 77 77 77 77 77 77 77 77 77 77 77 77 77 77 77 77 77 77 63 77 77 77 77 77 77 77 77 77 66 66 66 66 66 66 77 77 77 77 84 84 84 84 84 84 84
 10 10 10 10 10 10 10 10 10 10 77 77 77 77 77 77 77 77 77 77 77 77 77 77 77 77 77 77 77 77 77 77 77 63 77 77 77 77 77 77 77 77 66 66 66 66 66 66 66 77 77 77 77 84 84 84 84 84 84 84
 10 10 10 10 10 10 10 10 10 10 10 77 77 77 77 77 77 77 77 77 77 77 77 77 77 77 77 77 77 77 77 77 63 77 77 77 77 77 77 77 77 77 66 66 66 66 66 77 77 77 77 77 77 84 84 84 84 84 84 84
 10 10 10 10 10 10 10 10 10 10 10 77 77 77 77 77 77 77 77 77 77 77 77 77 77 77 77 77 77 77 77 77 63 77 77 77 77 77 77 77 77 77 66 66 66 66 66 77 77 77 77 77 77 84 84 84 84 84 84 84
 10 10 10 10 10 10 10 10 10 10 10 77 77 77 77 77 77 77 77 77 77 77 77 77 77 77 77 77 77 77 77 63 77 77 77 77 77 77 77 77 77 66 66 66 66 66 77 77 77 66 77 77 77 77 84 84 84 84 84 84
 10 10 10 10 10 10 10 10 10 10 10 10 10 77 77 77 77 77 77 77 77 77 77 77 77 77 77 77 77 77 77 63 77 77 77 77 77 77 77 77 77 66 66 66 66 66 77 77 77 66 77 77 77 84 84 84 84 84 84 84
 10 10 10 10 10 10 10 10 10 10 10 10 10 10 77 77 77 77 77 77 77 77 77 77 77 77 77 77 77 63 63 63 77 77 77 77 77 77 77 77 77 66 66 66 66 66 77 77 77 66 77 77 77 84 84 84 84 84 84 84
 10 10 10 10 10 10 10 10 10 10 10 10 10 10 77 77 77 77 77 77 77 77 77 77 77 77 77 77 77 63 63 63 77 77 77 77 77 77 77 77 66 66 66 66 66 66 77 77 77 77 77 77 77 84 84 84 84 84 84 84
 10 10 10 10 10 10 10 10 10 10 10 10 10 10 77 77 77 77 77 77 77 77 77 77 77 77 77 77 77 63 63 77 77 77 77 61 77 77 66 66 66 66 66 66 66 66 77 77 77 77 77 77 77 84 84 84 84 84 84 84
 10 10 10 10 10 10 10 10 10 10 10 10 10 77 77 77 77 77 77 77 77 77 77 77 77 77 77 77 77 77 63 77 77 77 77 77 77 77 66 66 66 66 66 66 66 66 77 77 77 77 77 77 77 84 84 84 84 84 84 84
 10 10 10 10 10 10 10 10 10 10 10 10 10 10 77 77 77 10 77 77 77 77 77 77 77 77 77 77 77 77 77 61 77 77 61 77 77 77 66 66 66 66 66 66 66 66 77 77 77 77 77 77 77 84 84 84 84 84 84 84
 10 10 10 10 10 10 10 10 10 10 10 10 10 10 77 77 77 10 10 77 77 77 77 77 77 77 77 77 77 77 61 61 61 61 61 77 77 77 66 66 66 66 66 66 66 66 77 77 77 77 77 77 77 84 84 84 84 84 84 84
 10 10 10 10 10 10 10 10 10 10 10 10 10 10 77 77 77 10 10 77 77 77 77 77 77 77 77 77 77 61 61 61 61 61 61 77 77 66 66 66 66 66 66 66 66 66 77 77 77 77 77 77 77 84 84 84 84 84 84 84
 10 10 10 10 10 10 10 10 10 10 10 10 10 10 10 77 77 10 10 10 77 77 77 77 77 77 77 77 61 61 61 61 61 61 61 61 77 66 66 66 66 66 66 66 66 66 77 77 77 77 77 77 77 84 84 84 84 84 84 84
 10 10 10 10 10 10 10 10 10 10 10 10 10 10 10 77 77 10 10 10 77 77 77 77 77 77 61 61 61 61 61 61 61 61 61 61 66 66 66 66 66 66 66 66 66 66 77 77 77 77 77 77 84 84 84 84 84 84 84 84
 10 10 10 10 10 10 10 10 10 10 10 10 10 10 10 10 10 77 10 10 77 77 77 77 77 77 61 61 61 61 61 61 61 61 61 61 66 66 66 66 66 66 66 66 66 77 77 77 77 77 77 77 84 84 84 84 84 84 84 84
 10 10 10 10 10 10 10 10 10 10 10 10 10 10 10 10 10 77 77 10 10 77 77 77 77 61 61 61 61 61 61 61 61 61 61 61 66 66 66 66 66 66 66 66 66 77 77 77 77 77 77 77 77 84 84 84 84 84 84 84
 10 10 10 10 10 10 10 10 10 10 10 10 10 10 10 10 10 77 77 77 10 77 77 77 77 61 61 61 61 61 61 61 61 61 61 61 66 66 66 66 66 66 66 66 77 77 77 77 77 77 77 77 77 84 84 84 84 84 84 84
 10 10 10 10 10 10 10 10 10 10 10 10 10 10 10 10 10 77 77 77 77 77 77 77 61 61 61 61 61 61 61 61 61 61 61 61 66 66 66 66 66 66 66 66 77 77 77 77 77 77 77 77 77 84 84 84 84 84 84 84
 10 10 10 10 10 10 10 10 10 10 10 10 10 10 10 10 77 77 77 77 61 77 61 61 61 61 61 61 61 61 61 61 61 61 61 61 66 66 66 66 66 77 77 77 77 77 77 77 77 77 77 77 77 84 84 84 84 84 84 84
 10 10 10 10 10 10 10 10 10 10 10 10 10 10 10 10 10 77 77 77 61 61 61 61 61 61 61 61 61 61 61 61 61 61 61 61 66 66 66 77 77 77 77 77 77 77 77 77 77 77 77 77 77 84 84 84 84 84 84 84
 10 10 10 10 10 10 10 10 10 10 10 10 10 10 10 10 77 77 77 77 61 61 61 61 61 61 61 61 61 61 61 61 61 61 61 61 77 77 66 77 77 77 77 77 77 77 77 77 77 77 77 77 77 84 84 84 84 84 84 84
 10 10 10 10 10 10 10 10 10 10 10 10 10 10 10 10 10 10 61 61 61 61 61 61 61 61 61 61 61 61 61 61 61 61 61 77 77 77 77 77 77 77 77 77 77 77 77 77 77 77 77 77 77 84 84 84 84 84 84 84
 10 10 10 10 10 10 10 10 10 10 10 10 10 10 10 10 10 10 10 10 61 61 61 61 61 61 61 61 61 61 61 61 61 77 77 77 77 77 77 77 77 77 77 77 77 77 77 77 77 77 77 77 84 84 84 84 84 84 84 84
 10 10 10 10 10 10 10 10 10 10 10 10 10 10 10 10 10 10 10 10 10 10 10 61 61 61 61 61 61 61 61 61 77 77 77 77 77 77 77 77 77 77 77 77 77 77 77 77 77 77 77 77 77 84 84 84 84 84 84 84
 10 10 10 10 10 10 10 10 10 10 10 10 10 10 10 10 10 10 10 10 10 10 10 10 10 10 61 61 61 61 61 77 77 77 77 77 77 77 77 77 77 77 77 77 77 77 77 77 77 77 77 77 77 84 84 84 84 84 84 84
 10 10 10 10 10 10 10 10 10 10 10 10 10 10 10 10 10 10 10 10 10 10 10 10 10 10 10 10 61 61 61 77 77 77 77 77 77 77 77 77 77 77 77 77 77 77 77 77 77 77 77 77 77 84 84 84 84 84 84 84
 10 10 10 10 10 10 10 10 10 10 10 10 10 10 10 10 10 10 10 10 10 10 10 10 10 10 10 10 10 61 77 77 77 77 77 77 77 77 77 77 77 77 77 77 77 77 77 77 77 77 77 77 77 84 84 84 84 84 84 84
 10 10 10 10 10 10 10 10 10 10 10 10 10 10 10 10 10 10 10 10 10 10 10 10 10 10 10 10 10 10 77 77 77 77 77 77 77 77 77 77 77 77 77 77 77 77 77 77 77 77 77 77 77 84 84 84 84 84 84 84
 10 10 10 10 10 10 10 10 10 10 10 10 10 10 10 10 10 10 10 10 10 10 10 10 10 10 10 10 10 10 77 77 77 77 77 77 77 77 77 77 77 77 77 77 77 77 77 77 77 77 77 77 77 84 84 84 84 84 84 84
 10 10 10 10 10 10 10 10 10 10 10 10 10 10 10 10 10 10 10 10 10 10 10 10 10 10 10 10 10 77 77 77 77 77 77 77 77 77 77 77 77 77 77 77 77 77 77 77 77 77 77 77 77 77 84 84 84 84 84 84
 10 10 10 10 10 10 10 10 10 10 10 10 10 10 10 10 10 10 10 10 10 10 10 10 10 10 10 10 10 77 77 77 77 77 77 77 77 77 77 77 77 77 77 77 77 77 77 77 77 77 77 77 77 77 84 84 84 84 84 84
 10 10 10 10 10 10 10 10 10 10 10 10 10 10 10 10 10 10 10 10 10 10 10 10 10 10 10 10 10 10 10 77 77 77 77 77 77 77 77 77 77 77 77 77 77 77 77 77 77 77 77 77 77 77 84 84 84 84 84 84
 10 10 10 10 10 10 10 10 10 10 10 10 10 10 10 10 10 10 10 10 10 10 10 10 10 10 10 10 10 10 10 10 77 77 77 77 77 77 77 77 77 77 77 77 77 77 77 77 77 77 77 77 77 77 84 84 84 84 84 84
 10 10 10 10 10 10 10 10 10 10 10 10 10 10 10 10 10 10 10 10 10 10 10 10 10 10 10 10 10 10 10 10 10 77 77 77 77 77 77 77 77 77 77 77 77 77 77 77 77 77 77 77 77 77 84 84 84 84 84 84
 10 10 10 10 10 10 10 10 10 10 10 10 10 10 10 10 10 10 10 10 10 10 10 10 10 10 10 10 10 10 10 10 10 10 10 77 77 77 77 77 77 77 77 77 77 77 77 77 77 77 77 77 77 77 84 84 84 84 84 84
 10 10 10 10 10 10 10 10 10 10 10 10 10 10 10 10 10 10 10 10 10 10 10 10 10 10 10 10 10 10 10 10 10 10 10 77 77 77 77 77 77 77 77 77 77 77 77 77 77 77 77 77 77 77 84 84 84 84 84 84
 10 10 10 10 10 10 10 10 10 10 10 10 10 10 10 10 10 10 10 10 10 10 10 10 10 10 10 10 10 10 10 10 10 10 10 77 77 77 77 77 77 77 77 77 77 77 77 77 77 77 77 77 77 77 84 84 84 84 84 84
 10 10 10 10 10 10 10 10 10 10 10 10 10 10 10 10 10 10 10 10 10 10 10 10 10 10 10 10 10 10 10 10 10 10 10 77 77 77 77 77 77 77 77 77 77 77 77 77 77 77 77 77 77 77 84 84 84 84 84 84
 10 10 10 10 10 10 10 10 10 10 10 10 10 10 10 10 10 10 10 10 10 10 10 10 10 10 10 10 10 10 10 10 10 10 10 16 77 77 77 77 77 77 77 77 77 77 77 77 77 77 77 77 77 77 84 84 84 84 84 84
 10 10 10 10 10 10 10 10 10 10 10 10 10 10 10 10 10 10 10 10 10 10 10 10 10 10 10 10 10 10 10 10 10 10 10 16 77 77 77 77 77 77 77 77 77 77 77 77 77 77 77 77 77 77 84 84 84 84 84 84
 10 10 10 10 10 10 10 10 10 10 10 10 10 10 10 10 10 10 10 10 10 10 10 10 10 10 10 10 10 10 10 10 10 10 10 16 16 77 77 77 77 77 77 77 77 77 77 77 77 77 77 77 77 77 84 84 84 84 84 84
 10 10 10 10 10 10 10 10 10 10 10 10 10 10 10 10 10 10 10 10 10 10 10 10 10 10 10 10 10 10 10 10 10 10 10 16 16 77 77 77 77 77 77 77 77 77 77 77 77 77 77 77 77 77 84 84 84 84 84 84
 10 10 10 10 10 10 10 10 10 10 10 10 10 10 10 10 10 10 10 10 10 10 10 10 10 10 10 10 10 10 10 10 10 10 10 16 16 16 77 77 77 77 77 77 77 77 77 77 77 77 77 77 77 77 84 84 84 84 84 84
 10 10 10 10 10 10 10 10 10 10 10 10 10 10 10 10 10 10 10 10 10 10 10 10 10 10 10 10 10 10 10 10 10 10 10 16 16 16 77 77 77 77 77 77 77 77 77 77 77 77 77 77 77 77 84 84 84 84 84 84
 10 10 10 10 10 10 10 10 10 10 10 10 10 10 10 10 10 10 10 10 10 10 10 10 10 10 10 10 10 10 10 10 10 10 10 16 16 16 77 77 77 77 77 77 77 77 77 77 77 77 77 77 77 77 84 84 84 84 84 84
 10 10 10 10 10 10 10 10 10 10 10 10 10 10 10 10 10 10 10 10 10 10 10 10 10 10 10 10 10 10 10 10 10 10 10 16 16 16 77 77 77 77 77 77 77 77 77 77 77 77 77 77 77 77 84 84 84 84 84 84
 10 10 10 10 10 10 10 10 10 10 10 10 10 10 10 10 10 10 10 10 10 10 10 10 10 10 10 10 10 10 10 10 10 10 10 16 16 16 77 77 77 77 77 77 77 77 77 77 77 77 77 77 77 77 84 84 84 84 84 84
 10 10 10 10 10 10 10 10 10 10 10 10 10 10 10 10 10 10 10 10 10 10 10 10 10 10 10 10 10 10 10 10 10 10 10 16 16 16 77 77 77 77 77 77 77 77 77 77 77 77 77 77 77 77 84 84 84 84 84 84
 10 10 10 10 10 10 10 77 10 10 10 10 10 10 10 10 10 10 10 10 10 10 10 10 10 10 10 10 10 10 10 10 10 10 10 16 16 16 16 77 77 77 77 77 77 77 77 77 77 77 77 77 77 77 84 84 84 84 84 84
 10 10 10 10 10 10 10 10 10 10 10 10 10 10 10 10 10 10 10 10 10 10 10 10 10 10 10 10 10 10 10 10 10 10 10 16 16 16 16 77 77 77 77 77 77 77 77 77 77 77 77 77 77 84 84 84 84 84 84 84
 10 10 10 10 10 10 10 10 10 10 10 10 10 10 10 10 10 10 10 10 10 10 10 10 10 10 10 10 10 10 10 10 10 10 77 77 16 16 16 77 77 77 77 77 77 77 77 77 77 77 77 77 77 84 84 84 84 84 84 84
 10 10 10 10 10 10 10 10 10 10 10 10 10 10 10 10 10 10 10 10 10 10 10 10 10 10 10 10 10 10 10 10 10 77 77 77 77 16 16 77 77 77 77 77 77 77 77 77 77 77 77 77 77 84 84 84 84 84 84 84
 10 10 10 10 10 10 10 10 10 10 10 10 10 10 10 10 10 10 10 10 10 10 10 10 10 10 10 10 10 10 10 10 10 77 77 77 16 16 16 16 77 16 16 77 77 77 77 77 77 77 77 77 84 84 84 84 84 84 84 84
 10 10 10 10 10 10 10 10 10 10 10 10 10 10 10 10 10 10 10 10 10 10 10 10 10 10 10 10 10 10 10 10 10 77 77 77 16 16 16 16 16 16 16 77 77 77 77 77 16 77 77 77 84 84 84 84 84 84 84 84
 10 10 10 10 10 10 10 10 10 10 10 10 10 10 10 10 10 10 10 10 10 10 10 10 10 10 10 10 10 10 10 10 10 77 77 77 16 16 16 16 16 16 16 16 77 77 77 77 77 77 77 77 84 84 84 84 84 84 84 84
 10 10 10 10 10 10 10 10 10 10 10 10 10 10 10 10 10 10 10 10 10 10 10 10 10 10 10 10 10 10 10 10 10 77 77 77 77 16 16 16 16 16 16 16 16 77 77 77 16 77 77 77 84 84 84 84 84 84 84 84
 10 10 10 10 10 10 10 10 10 10 10 10 10 10 10 10 10 10 10 10 10 10 10 10 10 10 10 10 10 10 10 10 10 77 77 77 16 16 16 16 16 16 16 16 16 16 16 16 16 77 77 77 84 84 84 84 84 84 84 84
 10 10 10 10 10 10 10 10 10 10 10 10 10 10 10 10 10 10 10 10 10 10 10 10 10 10 10 10 10 10 10 10 10 77 77 77 77 16 16 16 16 16 16 16 16 16 16 16 16 84 77 77 84 84 84 84 84 84 84 84
 10 10 10 10 10 10 10 10 10 10 10 10 10 10 10 10 10 10 10 10 10 10 10 10 10 10 10 10 10 10 10 10 10 10 77 77 77 16 16 16 16 16 16 16 16 16 16 16 16 84 77 77 84 84 84 84 84 84 84 84
 10 10 10 10 10 10 10 10 10 10 10 10 10 10 10 10 10 10 10 10 10 10 10 10 10 10 10 10 10 10 10 10 10 10 77 77 16 16 16 16 16 16 16 16 16 16 16 16 16 84 84 77 84 84 84 84 84 84 84 84
 10 10 10 10 10 10 10 10 10 10 10 10 10 10 10 10 10 10 10 10 10 10 10 10 10 10 10 10 10 10 10 10 10 10 16 77 16 16 16 16 16 16 16 16 16 16 16 16 16 84 84 77 84 84 84 84 84 84 84 84
 10 10 10 10 10 10 10 10 10 10 10 10 10 10 10 10 10 10 10 10 10 10 10 10 10 10 10 10 10 10 10 10 10 16 16 16 16 16 16 16 16 16 16 16 16 16 16 16 16 84 84 77 84 84 84 84 84 84 84 84
 10 10 10 10 10 10 10 10 10 10 10 10 10 10 10 10 10 10 10 10 10 10 10 10 10 10 10 10 10 10 10 10 10 16 16 16 16 16 16 16 16 16 16 16 16 16 16 16 16 84 84 84 84 84 84 84 84 84 84 84
 10 10 10 10 10 10 10 10 10 10 10 10 10 10 10 10 10 10 10 10 10 10 10 10 10 10 10 10 10 10 10 10 16 16 16 16 16 16 16 16 16 16 16 16 16 16 16 16 16 84 84 84 84 84 84 84 84 84 84 84
 77 77 77 10 10 10 10 10 77 77 10 10 10 10 10 10 10 10 10 10 10 77 77 77 77 10 10 10 10 10 10 16 16 16 16 16 16 16 16 16 16 16 16 16 16 16 16 16 16 84 84 84 84 84 84 84 84 84 84 84
 77 77 77 77 10 10 10 77 77 77 77 77 77 77 10 10 10 10 10 10 10 77 77 77 77 10 10 10 10 10 16 16 16 16 16 16 16 16 16 16 16 16 16 16 16 16 16 16 16 84 84 84 84 84 84 84 84 84 84 84
 77 77 77 77 10 10 10 77 77 77 77 77 77 77 10 10 10 10 10 10 10 10 77 77 77 77 10 10 10 16 16 16 16 16 16 16 16 16 16 16 16 16 16 16 16 16 16 16 16 84 84 84 84 84 84 84 84 84 84 84
 77 77 77 77 77 18 77 77 77 77 77 77 77 77 10 10 10 10 10 10 10 10 77 77 77 77 77 77 77 16 16 16 16 16 16 16 16 16 16 16 16 16 16 16 16 16 16 16 16 84 84 84 84 84 84 84 84 84 84 84
 77 77 77 77 77 18 77 77 77 77 77 77 77 77 10 10 10 10 10 10 77 77 10 10 77 77 77 77 16 16 16 16 16 16 16 16 16 16 16 16 16 16 16 16 16 16 16 16 16 84 84 84 84 84 84 84 84 84 84 84
 77 77 77 77 77 18 77 77 77 77 77 77 77 77 10 10 10 77 77 10 77 77 77 77 77 77 77 77 77 16 16 16 16 16 16 16 16 16 16 16 16 16 16 16 16 16 16 16 16 84 84 84 84 84 84 84 84 84 84 84
 77 77 77 77 77 18 77 77 77 77 77 77 77 77 10 10 10 77 77 10 77 77 77 77 77 77 77 77 77 16 16 16 16 16 16 16 16 16 16 16 16 16 16 16 16 16 16 16 16 84 84 84 84 84 84 84 84 84 84 84
 77 77 77 77 77 18 77 77 77 77 77 77 77 77 10 10 10 77 77 10 77 77 77 77 77 77 77 77 16 16 16 16 16 16 16 16 16 16 16 16 16 16 16 16 16 16 16 16 16 84 84 84 84 84 84 84 84 84 84 84
 77 77 77 77 77 77 18 77 77 77 77 77 77 77 77 77 77 77 77 77 10 77 77 77 77 77 16 16 16 16 16 16 16 16 16 16 16 16 16 16 16 16 16 16 16 16 16 16 16 84 84 84 84 84 84 84 84 84 84 84
 77 77 77 77 77 77 18 18 77 77 77 77 77 77 77 77 77 77 77 10 77 77 77 77 77 16 16 16 16 16 16 16 16 16 16 16 16 16 16 16 16 16 16 16 16 16 16 16 16 84 84 84 84 84 84 84 84 84 84 84
 77 77 77 77 77 77 77 18 18 18 77 77 77 77 77 77 77 77 77 77 10 77 77 16 16 16 16 16 16 16 16 16 16 16 16 16 16 16 16 16 16 16 16 16 16 16 16 16 16 84 84 84 84 84 84 84 84 84 84 84
 77 77 77 77 77 77 77 18 18 18 18 77 77 77 77 77 77 77 77 77 77 16 77 16 16 16 16 16 16 16 16 16 16 16 16 16 16 16 16 16 16 16 16 16 16 16 16 16 16 84 84 84 84 84 84 84 84 84 84 84
 77 77 77 77 77 77 77 18 18 77 18 77 77 77 77 77 77 77 77 77 77 77 16 16 16 16 16 16 16 16 16 16 16 16 16 16 16 16 16 16 16 16 16 16 16 16 16 16 16 84 84 84 84 84 84 84 84 84 84 84
 77 77 77 77 77 77 77 18 18 77 18 18 18 77 77 77 77 77 77 77 77 77 16 16 16 16 16 16 16 16 16 16 16 16 16 16 16 16 16 16 16 16 16 16 16 16 16 16 16 84 84 84 84 84 84 84 84 84 84 84
 77 77 77 77 77 77 77 18 18 18 18 18 18 77 77 77 77 77 77 77 77 77 16 16 16 16 16 16 16 16 16 16 16 16 16 16 16 16 16 16 16 16 16 16 16 16 16 16 16 84 84 84 84 84 84 84 84 84 84 84
 77 77 77 77 77 77 77 18 18 18 18 18 18 77 77 77 77 77 77 77 77 77 77 16 16 16 16 16 77 77 77 77 77 16 16 16 16 16 16 16 16 16 16 16 16 16 16 16 16 84 84 84 84 84 84 84 84 84 84 84
 77 77 77 77 77 77 77 18 18 18 18 18 18 77 77 77 77 77 77 77 77 77 77 16 16 16 16 16 77 77 77 77 77 16 16 16 16 16 16 16 16 16 16 16 16 16 16 16 16 84 84 84 84 84 84 84 84 84 84 84
 77 77 77 77 77 77 77 18 18 18 18 18 18 77 77 77 77 77 77 77 77 77 77 77 16 16 16 16 77 77 77 77 77 16 16 16 16 16 16 16 16 16 16 16 16 16 16 16 16 84 84 84 84 84 84 84 84 84 84 84
 77 77 77 77 77 77 77 18 18 77 77 77 77 18 77 77 77 77 77 77 77 77 77 77 77 77 77 16 77 77 77 77 77 77 16 16 16 16 16 16 16 16 16 16 16 16 16 16 16 84 84 84 84 84 84 84 84 84 84 84
 77 77 77 77 77 77 77 77 18 77 77 77 77 18 77 77 77 77 77 77 77 77 77 77 77 77 77 77 77 77 77 77 77 77 16 16 16 16 16 16 16 16 16 16 16 16 16 16 16 84 84 84 84 84 84 84 84 84 84 84
 77 77 77 77 77 77 77 18 18 18 18 18 18 77 77 77 77 77 77 77 77 77 77 77 77 77 77 77 62 77 77 77 77 77 77 16 16 16 16 16 16 16 16 16 16 16 16 16 16 84 84 84 84 84 84 84 84 84 84 84
 77 77 77 18 18 18 18 18 18 18 18 18 77 77 77 77 77 77 77 77 77 77 77 77 77 77 62 77 77 77 77 77 77 77 77 16 16 16 16 16 16 16 16 16 16 16 16 16 77 77 84 84 84 84 84 84 84 84 84 84
 77 77 77 18 18 18 18 77 18 18 18 77 77 77 77 77 77 77 77 77 77 77 77 77 77 77 77 77 77 77 77 77 77 77 77 77 16 16 16 16 16 16 16 16 16 16 16 16 77 77 84 84 84 84 84 84 84 84 84 84
 77 77 77 18 18 18 18 77 77 18 18 77 77 77 18 77 77 77 77 77 77 77 77 77 77 77 77 77 77 77 77 77 77 77 77 77 77 16 16 16 16 16 16 16 16 16 16 77 77 77 84 84 84 84 84 84 84 84 84 84
 77 77 77 18 18 18 77 77 18 18 77 77 77 18 77 77 77 77 77 77 77 77 77 77 62 77 77 77 77 77 77 77 77 77 77 77 77 77 77 16 16 16 16 16 16 16 16 77 77 77 84 84 84 84 84 84 84 84 84 84
 77 77 18 18 18 18 18 77 77 77 77 77 18 77 77 77 77 77 77 77 77 77 77 77 77 62 77 77 77 77 77 77 77 77 77 77 77 77 77 16 16 16 16 16 16 16 16 77 77 77 84 84 84 84 84 84 84 84 84 84
 77 77 18 18 18 18 18 18 77 77 77 77 18 77 77 77 77 77 77 77 77 77 77 77 77 62 77 77 77 77 77 77 77 77 77 77 77 77 77 16 16 16 16 16 16 16 77 77 77 77 84 84 84 84 84 84 84 84 84 84
 77 18 18 18 18 18 18 18 18 18 77 18 77 77 77 77 77 77 77 77 77 77 77 77 77 62 62 62 77 77 77 62 77 77 77 77 77 77 77 77 16 16 16 16 16 16 16 77 77 77 84 84 84 84 84 84 84 84 84 84
 77 18 18 18 18 18 18 18 18 18 77 18 77 77 77 77 77 77 77 77 77 77 77 77 77 62 62 77 62 77 77 62 62 77 77 77 77 77 77 77 16 16 16 16 16 16 16 77 77 77 77 84 84 84 84 84 84 84 84 84
 77 18 18 18 18 18 18 18 18 18 77 77 77 77 77 77 77 77 77 77 77 77 77 77 77 62 62 62 62 62 62 62 62 77 77 77 77 77 77 77 16 16 16 16 16 16 16 16 77 77 77 84 84 84 84 84 84 84 84 84
 77 77 77 18 18 18 18 18 77 77 77 77 77 77 77 77 77 77 77 77 77 77 77 77 77 62 62 62 62 62 62 62 62 77 77 77 77 77 77 77 16 16 16 16 16 16 16 16 77 77 77 84 84 84 84 84 84 84 84 84
 77 77 77 18 18 18 18 77 77 77 77 77 77 77 77 77 77 77 77 77 77 77 77 77 77 77 77 77 62 62 77 77 77 77 77 77 77 77 77 77 77 16 16 16 16 16 16 77 77 77 77 84 84 84 84 84 84 84 84 84
 77 77 77 18 18 18 77 77 77 77 77 77 77 77 77 77 77 77 77 77 77 77 77 77 77 77 77 77 77 62 77 77 77 77 62 77 77 77 77 77 77 16 16 16 16 16 16 77 77 77 77 84 84 84 84 84 84 84 84 84
 77 77 77 18 18 77 18 77 77 18 77 77 77 77 77 77 77 77 77 77 77 77 77 77 77 77 77 62 77 62 77 77 77 77 77 77 77 77 77 77 77 16 16 16 16 16 16 77 89 77 77 84 84 84 84 84 84 84 84 84
 77 77 18 18 18 77 18 18 18 18 77 77 77 77 77 77 77 77 77 77 77 77 77 77 77 77 77 77 77 77 77 77 77 77 77 77 77 77 77 77 77 16 16 16 16 16 16 77 89 77 77 84 84 84 84 84 84 84 84 84
 77 77 18 18 18 77 18 18 18 18 77 77 77 77 77 77 77 77 77 77 77 77 77 77 77 77 77 77 77 77 77 77 77 77 77 77 77 77 77 77 77 16 16 16 16 16 89 89 89 77 77 84 84 84 84 84 84 84 84 84
 77 77 18 18 18 18 18 18 77 77 77 77 77 77 77 77 77 77 77 77 77 77 77 77 77 77 77 77 77 77 77 77 77 77 77 77 77 77 77 77 77 16 16 16 16 89 89 89 89 77 77 84 84 84 84 84 84 84 84 84
 77 77 18 18 18 18 18 77 77 77 77 77 77 77 77 77 77 77 77 77 77 77 77 77 77 77 77 77 77 77 77 77 77 77 77 77 77 77 77 77 77 16 16 16 89 89 89 89 89 89 89 84 84 84 84 84 84 84 84 84
 77 18 18 18 18 18 77 77 77 77 77 77 48 77 77 77 77 77 77 77 77 77 77 77 77 77 77 77 77 77 77 77 77 77 77 77 77 77 77 77 77 16 16 89 89 89 89 89 89 89 89 84 84 84 84 84 84 84 84 84
 77 18 18 18 18 18 77 77 77 77 77 77 48 48 48 77 77 77 77 77 77 77 77 77 77 77 77 77 77 77 77 77 77 77 77 77 77 77 77 77 77 16 89 89 89 89 89 89 89 89 89 84 84 84 84 84 84 84 84 84
 77 18 18 18 18 18 77 77 77 77 77 77 48 48 48 48 77 77 77 77 77 77 77 77 77 77 77 77 77 77 77 77 77 77 77 77 77 77 77 77 77 88 88 89 89 89 89 89 89 89 89 84 84 84 84 84 84 84 84 84
 77 18 18 18 18 18 77 77 77 77 77 77 48 48 48 48 77 77 77 77 77 77 77 77 77 77 77 77 77 77 77 77 77 77 77 77 77 77 77 77 88 88 88 89 89 89 89 89 89 89 89 84 84 84 84 84 84 84 84 84
 77 18 18 18 77 77 77 77 77 77 77 77 48 48 48 77 77 77 77 77 77 77 77 77 77 77 77 77 77 77 77 77 77 77 77 77 77 77 77 77 88 88 88 89 89 89 89 89 89 89 89 84 84 84 84 84 84 84 84 84
 77 77 18 18 77 77 77 77 77 77 77 77 48 48 77 77 77 77 77 77 77 77 77 77 77 77 77 77 77 77 77 77 77 77 77 77 77 77 77 77 88 88 88 89 89 89 89 89 89 89 89 84 84 84 84 84 84 84 84 84
 77 77 77 18 18 18 77 77 77 77 77 77 48 48 77 77 77 77 77 77 77 77 77 77 77 77 77 77 77 77 77 77 77 77 77 77 77 77 77 77 88 88 88 89 89 89 89 89 89 89 89 84 84 84 84 84 84 84 84 84
 77 77 77 77 77 18 77 77 77 77 77 77 48 48 48 77 77 77 77 77 77 77 77 77 77 77 77 77 77 77 77 77 77 77 77 88 77 77 77 77 88 88 89 89 89 89 89 89 89 89 89 84 84 84 84 84 84 84 84 84
 77 77 77 77 77 77 77 77 77 77 77 77 48 48 48 77 77 77 77 77 77 77 77 77 77 77 77 77 77 77 77 77 77 77 77 88 77 77 77 88 88 88 89 89 89 89 89 89 89 89 89 84 84 84 84 84 84 84 84 84
 77 77 77 77 77 77 77 77 77 77 77 48 48 48 77 77 77 77 77 77 77 77 77 77 77 77 77 77 77 77 77 77 77 77 77 77 77 77 77 88 88 89 89 89 89 89 89 89 89 89 89 84 84 84 84 84 84 84 84 84
 77 77 77 77 77 77 77 77 77 77 77 48 48 48 77 77 77 77 77 77 77 77 77 77 77 77 77 77 77 77 77 77 77 77 77 88 77 77 77 88 88 89 89 89 89 89 89 89 89 89 89 84 84 84 84 84 84 84 84 84
 77 77 77 77 77 77 77 77 77 77 77 48 48 77 77 77 77 77 77 77 77 77 77 77 77 77 77 77 77 77 77 77 77 77 77 88 77 77 88 88 88 89 89 89 89 89 89 89 89 89 89 84 84 84 84 84 84 84 84 84
 77 77 77 77 77 77 77 77 77 77 77 48 48 77 77 77 77 77 77 77 77 77 77 77 77 77 77 77 77 77 77 77 77 77 77 77 77 77 88 88 88 89 89 89 89 89 89 89 89 89 89 84 84 84 84 84 84 84 84 84
 77 77 77 77 77 77 77 77 77 77 77 77 77 77 77 77 77 77 77 77 77 77 77 77 77 77 77 77 77 77 77 77 77 77 77 77 77 88 88 88 88 89 89 89 89 89 89 89 89 89 89 84 84 84 84 84 84 84 84 84
 77 77 77 77 77 77 77 77 77 77 77 77 77 77 77 77 77 77 77 77 77 77 77 77 77 77 77 77 77 77 77 77 77 77 77 77 77 88 88 88 88 89 89 89 89 89 89 89 89 89 89 84 84 84 84 84 84 84 84 84
 77 77 77 77 77 77 77 77 77 77 77 77 77 77 77 77 77 77 77 77 77 77 77 77 77 77 77 77 77 77 77 77 77 77 77 77 77 88 77 88 88 88 89 89 89 89 89 89 89 89 89 84 84 84 84 84 84 84 84 84
 77 77 77 77 77 77 77 77 77 77 77 77 77 77 77 77 77 77 77 77 77 77 77 77 77 77 77 77 77 77 77 77 77 77 77 77 77 77 77 88 88 88 89 89 89 89 89 89 89 89 89 84 84 84 84 84 84 84 84 84
 77 77 77 77 77 77 77 77 77 77 77 77 77 77 77 77 58 58 77 77 77 77 77 77 77 77 77 77 77 77 77 77 77 77 77 77 77 77 77 88 88 88 89 89 89 89 89 89 89 89 77 84 84 84 84 84 84 84 84 84
 77 77 77 77 77 77 77 77 77 77 77 77 77 77 58 58 58 58 77 77 77 77 77 77 77 77 77 77 77 77 77 77 77 77 77 77 77 77 77 88 88 88 88 89 89 89 89 89 89 89 77 84 84 84 84 84 84 84 84 84
 77 77 77 77 77 77 77 77 77 77 77 77 77 58 58 58 58 58 77 77 77 77 77 77 77 77 77 77 77 77 77 77 77 77 77 77 77 77 88 88 88 88 88 89 89 89 89 89 89 89 77 84 84 84 84 84 84 84 84 84
 77 77 77 77 77 77 77 77 77 77 77 77 58 58 58 58 58 77 77 77 77 77 77 77 77 77 77 77 77 77 77 77 77 77 77 77 77 77 77 77 88 88 88 89 89 89 89 89 89 89 77 84 84 84 84 84 84 84 84 84
 77 77 77 77 77 77 77 77 58 58 77 58 58 58 58 58 58 58 77 58 77 77 77 77 77 77 77 77 77 77 77 77 77 77 77 77 77 77 77 77 88 88 88 88 89 89 89 89 89 89 77 84 84 84 84 84 84 84 84 84
 77 77 77 77 77 77 77 77 58 58 58 58 58 58 77 58 58 58 77 77 58 77 77 77 77 77 77 77 77 77 77 77 77 77 77 77 77 77 77 88 88 88 88 89 89 89 89 89 89 89 77 84 84 84 84 84 84 84 84 84
 77 77 77 77 77 77 77 58 58 58 58 58 58 77 77 58 58 58 77 77 77 77 77 77 77 77 77 77 77 77 77 77 77 77 77 77 77 77 77 88 88 77 88 89 89 89 89 89 89 89 84 84 84 84 84 84 84 84 84 84
 77 77 77 77 77 77 77 58 58 58 77 77 77 77 77 58 58 58 77 77 77 77 77 77 77 77 77 77 77 77 77 77 77 77 77 77 77 77 77 88 88 77 77 89 89 89 89 89 89 89 77 84 84 84 84 84 84 84 84 84
 77 77 77 77 77 77 77 58 58 58 77 77 77 77 77 58 58 77 77 77 77 77 77 77 77 77 77 77 77 77 77 77 77 77 77 77 77 77 77 88 77 77 77 77 89 89 89 89 89 89 77 84 84 84 84 84 84 84 84 84
 77 77 77 77 77 77 77 77 77 77 77 77 77 77 77 77 77 77 77 77 77 77 77 77 77 77 77 77 77 77 77 77 77 77 77 77 77 77 77 87 77 77 77 77 88 89 89 89 89 89 77 84 84 84 84 84 84 84 84 84
 77 77 77 77 77 77 77 77 77 77 77 77 77 77 77 77 77 77 77 77 77 77 77 77 77 77 77 77 77 77 77 77 77 77 77 77 77 77 77 87 77 77 77 77 77 88 89 89 89 89 77 84 84 84 84 84 84 84 84 84
 77 77 77 77 77 77 77 77 77 77 77 77 77 77 77 77 77 77 77 77 77 77 77 77 77 77 77 77 77 77 77 77 77 77 77 77 77 77 77 87 77 77 87 77 77 77 89 89 89 89 77 77 84 84 84 84 84 84 84 84
 77 77 77 77 77 77 77 77 77 77 77 77 77 77 77 77 77 77 77 77 77 77 77 77 77 77 77 77 77 77 77 77 77 77 77 77 77 77 77 87 88 87 87 77 77 77 89 89 89 89 77 77 84 84 84 84 84 84 84 84
 77 77 77 77 77 77 77 77 77 77 77 77 77 77 77 77 77 77 77 77 77 77 77 77 77 77 77 77 77 77 77 77 77 77 77 77 77 77 77 87 77 87 87 87 77 77 89 89 89 89 77 77 84 84 84 84 84 84 84 84
 77 77 77 77 77 77 77 77 77 77 77 77 77 77 77 77 77 77 77 77 77 77 77 77 77 77 77 77 77 77 77 77 77 77 77 77 77 77 77 77 77 87 87 87 77 77 89 89 89 77 77 77 84 84 84 84 84 84 84 84
 77 77 77 77 77 77 77 77 77 77 77 77 77 77 77 77 77 77 77 77 77 77 77 77 77 77 77 77 77 77 77 77 77 77 77 77 77 77 77 77 87 87 87 87 77 77 89 89 89 89 77 84 84 84 84 84 84 84 84 84
 77 77 77 77 77 77 77 77 77 77 77 77 77 77 77 77 77 77 77 77 77 77 77 77 77 77 77 77 77 77 77 77 77 77 77 77 77 77 77 77 87 87 87 87 87 77 77 89 89 89 77 77 84 84 84 84 84 84 84 84
 77 77 77 77 77 77 77 77 77 77 77 77 77 77 77 77 77 77 77 77 77 77 77 77 77 77 77 77 77 77 77 77 77 77 77 77 77 77 77 77 87 87 87 87 87 77 77 89 89 89 77 77 84 84 84 84 84 84 84 84
 77 77 77 77 77 77 77 77 77 77 77 77 77 77 77 77 77 77 77 77 77 77 77 77 77 77 77 77 77 77 77 77 77 77 77 77 77 77 77 77 87 87 87 87 87 77 77 89 89 89 77 77 84 84 84 84 84 84 84 84
 77 77 77 77 77 77 77 77 77 77 77 77 77 77 77 77 77 77 77 77 77 77 77 77 77 77 77 77 77 77 77 77 77 77 77 77 77 77 77 77 87 87 87 87 87 77 77 89 89 89 77 77 84 84 84 84 84 84 84 84
 77 77 77 77 77 77 77 77 77 77 77 77 77 77 77 77 77 77 77 77 77 77 77 77 77 77 77 77 77 77 77 77 77 77 77 77 77 77 77 77 87 87 87 87 87 77 77 89 89 89 89 89 84 84 84 84 84 84 84 84
 77 77 77 77 77 77 77 77 77 77 77 77 77 77 77 77 77 77 77 77 77 77 77 77 77 77 77 77 77 77 77 77 77 77 77 77 77 77 77 77 77 87 87 87 87 87 77 89 89 89 89 89 84 84 84 84 84 84 84 84
 77 77 77 77 77 77 77 77 77 77 77 77 77 77 77 77 77 77 77 77 77 77 77 77 77 77 77 77 77 77 77 77 77 77 77 77 77 77 77 77 77 77 87 87 87 87 77 89 89 89 89 89 84 84 84 84 84 84 84 84
 77 77 77 77 77 77 77 77 77 77 77 77 77 77 77 77 77 77 77 77 77 77 77 77 77 77 77 77 77 77 77 77 77 77 77 77 77 77 77 77 77 77 77 87 87 87 77 89 89 89 89 89 84 84 84 84 84 84 84 84
 77 77 77 77 77 77 77 77 77 77 77 77 77 77 77 77 77 77 77 77 77 77 77 77 77 77 77 77 77 77 77 77 77 77 77 77 77 77 77 77 77 77 77 87 87 87 87 89 89 89 89 89 84 84 84 84 84 84 84 84
 77 77 77 77 77 77 77 77 77 77 77 77 77 77 77 77 77 77 77 77 77 77 77 77 77 77 77 77 77 77 77 77 77 77 77 77 77 77 77 77 77 77 77 77 87 87 87 89 89 89 89 89 84 84 84 84 84 84 84 84
 77 77 77 77 77 77 77 77 77 77 77 77 77 77 77 77 77 77 77 77 77 77 77 77 77 77 77 77 77 77 77 77 77 77 77 77 77 77 77 77 77 77 77 77 87 87 87 87 89 89 89 89 84 84 84 84 84 84 84 84
 77 77 77 77 77 77 77 77 77 77 77 77 77 77 77 77 77 77 77 77 77 77 77 77 77 77 77 77 77 77 77 77 77 77 77 77 77 77 77 77 77 77 77 87 87 87 87 87 87 89 89 89 84 84 84 84 84 84 84 84
 77 77 77 77 77 77 77 77 77 77 77 77 77 77 77 77 77 77 77 77 77 77 77 77 77 77 77 77 77 77 77 77 77 77 77 77 77 77 77 77 77 77 87 87 87 87 87 87 87 87 89 89 84 84 84 84 84 84 84 84
 77 77 77 77 77 77 77 77 77 77 77 77 77 77 77 77 77 77 77 77 77 77 77 77 77 77 77 77 77 77 77 77 77 77 77 77 77 77 77 77 77 77 77 87 87 87 87 87 87 87 87 89 84 84 84 84 84 84 84 84
 77 77 77 77 77 77 77 77 77 77 77 77 77 77 77 77 77 77 77 77 77 77 77 77 77 77 77 77 77 77 77 77 77 77 77 77 77 77 77 77 77 77 77 87 87 87 87 87 87 87 87 87 84 84 84 84 84 84 84 84
 77 77 77 77 77 77 77 77 77 77 77 77 77 77 77 77 77 77 77 77 77 77 77 77 77 77 77 77 77 77 77 77 77 77 77 77 77 77 77 77 77 77 87 87 87 87 87 87 87 87 87 87 84 84 84 84 84 84 84 84
 77 77 77 77 77 77 77 77 77 77 77 77 77 77 77 77 77 77 77 77 77 77 77 77 77 77 77 77 77 77 77 77 77 77 77 77 77 77 77 77 77 77 77 87 87 87 87 87 87 87 87 87 84 84 84 84 84 84 84 84
 77 77 77 77 77 77 77 77 77 77 77 77 77 77 77 77 77 77 77 77 77 77 77 77 77 77 77 77 77 77 77 77 77 77 77 77 77 77 77 77 77 77 77 87 87 87 87 87 87 87 87 87 84 84 84 84 84 84 84 84
 77 77 77 77 77 77 77 77 77 77 77 77 77 77 77 77 77 77 77 77 77 77 77 77 77 77 77 77 77 77 77 77 77 77 77 77 77 77 77 77 77 77 77 87 87 87 87 87 87 87 77 87 84 84 84 84 84 84 84 84
 77 77 77 77 77 77 77 77 77 77 77 77 77 77 77 77 77 77 77 77 77 77 77 77 77 77 77 77 77 77 77 77 77 77 77 77 77 77 77 77 77 77 77 77 87 87 87 87 87 87 87 87 84 84 84 84 84 84 84 84
 77 77 77 77 77 77 77 77 77 77 77 77 77 77 77 77 77 77 77 77 77 77 77 77 77 77 77 77 77 77 77 77 77 77 77 77 77 77 77 77 77 77 77 77 87 87 87 87 87 87 87 87 84 84 84 84 84 84 84 84
 77 77 77 77 77 77 77 77 77 77 77 77 77 77 77 77 77 77 77 77 77 77 77 77 77 77 77 77 77 77 77 77 77 77 77 77 77 77 77 77 77 77 77 77 87 87 87 87 87 87 87 87 84 84 84 84 84 84 84 84
 77 77 77 77 77 77 77 77 77 77 77 77 77 77 77 77 77 77 77 77 77 77 77 77 77 77 77 77 77 77 77 77 77 77 77 77 77 77 77 77 77 77 77 77 87 87 87 87 87 87 87 87 84 84 84 84 84 84 84 84
 77 77 77 77 77 77 77 77 77 77 77 77 77 77 77 77 77 77 77 77 77 77 77 77 77 77 77 77 77 77 77 77 77 77 77 77 77 77 77 77 77 77 77 77 87 87 87 87 87 87 87 87 84 84 84 84 84 84 84 84
 77 77 77 77 77 77 77 77 77 77 77 77 77 77 77 77 77 77 77 77 77 77 77 77 77 77 77 77 77 77 77 77 77 77 77 77 77 77 77 77 77 77 77 77 77 87 87 87 87 87 87 87 84 84 84 84 84 84 84 84
 77 77 77 77 77 77 77 77 77 77 77 77 77 77 77 77 77 77 77 77 77 77 77 77 77 77 77 77 77 77 77 77 77 77 77 77 77 77 77 77 77 77 77 77 77 87 87 87 87 87 87 87 84 84 84 84 84 84 84 84
 77 77 77 77 77 77 77 77 77 77 77 77 77 77 77 77 77 77 77 77 77 77 77 77 77 77 77 77 77 77 77 77 77 77 77 77 77 77 77 77 77 77 77 77 77 77 87 87 87 87 87 87 84 84 84 84 84 84 84 84
 77 77 77 77 77 77 77 77 77 77 77 77 77 77 77 77 77 77 77 77 77 77 77 77 77 77 77 77 77 77 77 77 77 77 77 77 77 77 77 77 77 77 77 77 77 77 87 87 87 87 87 87 84 84 84 84 84 84 84 84
 77 77 77 77 77 77 77 77 77 77 77 77 77 77 77 77 77 77 77 77 77 77 77 77 77 77 77 77 77 77 77 77 77 77 77 77 77 77 77 77 77 77 77 77 77 77 87 87 87 87 87 87 84 84 84 84 84 84 84 84
 77 77 77 77 77 77 77 77 77 77 77 77 77 77 77 77 77 77 77 77 77 77 77 77 77 77 77 77 77 77 77 77 77 77 77 77 77 77 77 77 77 77 77 77 77 77 87 87 87 87 87 77 84 84 84 84 84 84 84 84
 77 77 77 77 77 77 77 77 77 77 77 77 77 77 77 77 77 77 77 77 77 77 77 77 77 77 77 77 77 77 77 77 77 77 77 77 77 77 77 77 77 77 77 77 77 77 87 87 87 77 77 77 84 84 84 84 84 84 84 84
 77 77 77 77 77 77 77 77 77 77 77 77 77 77 77 77 77 77 77 77 77 77 77 77 77 77 77 77 77 77 77 77 77 77 77 77 77 77 77 77 77 77 77 77 77 77 87 87 87 77 77 84 84 84 84 84 84 84 84 84
 77 77 77 77 77 77 77 77 77 77 77 77 77 77 77 77 77 77 77 77 77 77 77 77 77 77 77 77 77 77 77 77 77 77 77 77 77 77 77 77 77 77 77 77 77 77 77 87 87 77 77 84 84 84 84 84 84 84 84 84
 77 77 77 77 77 77 77 77 77 77 77 77 77 77 77 77 77 77 77 77 77 77 77 77 77 77 77 77 77 77 77 77 77 77 77 77 77 77 77 77 77 77 77 77 77 77 77 87 87 77 77 77 84 84 84 84 84 84 84 84
 77 77 77 77 77 77 77 77 77 77 77 77 77 77 77 77 77 77 77 77 77 77 77 77 77 77 77 77 77 77 77 77 77 77 77 77 77 77 77 77 77 77 77 77 77 77 77 87 87 77 77 77 84 84 84 84 84 84 84 84
 77 77 77 77 77 77 77 77 77 77 77 77 77 77 77 77 77 77 77 77 77 77 77 77 77 77 77 77 77 77 77 77 77 77 77 77 77 77 77 77 77 77 77 77 77 77 87 87 87 77 77 77 84 84 84 84 84 84 84 84
 77 77 77 77 77 77 77 77 77 77 77 77 77 77 77 77 77 77 77 77 77 77 77 77 77 77 77 77 77 77 77 77 77 77 77 77 77 77 77 77 77 77 77 77 77 77 77 87 87 77 77 84 84 84 84 84 84 84 84 84
 77 77 77 77 77 77 77 77 77 77 77 77 77 77 77 77 77 77 77 77 77 77 77 77 77 77 77 77 77 77 77 77 77 77 77 77 77 77 77 77 77 77 77 77 77 77 77 87 77 77 84 84 84 84 84 84 84 84 84 84
 77 77 77 77 77 77 77 77 77 77 77 77 77 77 77 77 77 77 77 77 77 77 77 77 77 77 77 77 77 77 77 77 77 77 77 77 77 77 77 77 77 77 77 77 77 77 77 86 77 77 86 84 84 84 84 84 84 84 84 84
 77 77 77 77 77 77 77 77 77 77 77 77 77 77 77 77 77 77 77 77 77 77 77 77 77 77 77 77 77 77 77 77 77 77 77 77 77 77 77 77 77 77 77 77 77 77 77 87 77 86 86 84 84 84 84 84 84 84 84 84
 77 77 77 77 77 77 77 77 77 77 77 77 77 77 77 77 77 77 77 77 77 77 77 77 77 77 77 77 77 77 77 77 77 77 77 77 77 77 77 77 77 77 77 77 77 77 77 77 77 77 86 84 84 84 84 84 84 84 84 84
 77 77 77 77 77 77 77 77 77 77 77 77 77 77 77 77 77 77 77 77 77 77 77 77 77 77 77 77 77 77 77 77 77 77 77 77 77 77 77 77 77 77 77 77 77 77 77 77 77 77 86 84 84 84 84 84 84 84 84 84
 77 77 77 77 77 77 77 77 77 77 77 77 77 77 77 77 77 77 77 77 77 77 77 77 77 77 77 77 77 77 77 77 77 77 77 77 77 77 77 77 77 77 77 77 77 77 77 77 77 77 86 84 84 84 84 84 84 84 84 84
 77 77 77 77 77 77 77 77 77 77 77 77 77 77 77 77 77 77 77 77 77 77 77 77 77 77 77 77 77 77 77 77 77 77 77 77 77 77 77 77 77 77 77 77 77 77 77 77 77 86 86 84 84 84 84 84 84 84 84 84
 77 77 77 77 77 77 77 77 77 77 77 77 77 77 77 77 77 77 77 77 77 77 77 77 77 77 77 77 77 77 77 77 77 77 77 77 77 77 77 77 77 77 77 77 77 77 77 77 77 86 85 85 84 84 84 84 84 84 84 84
 77 77 77 77 77 77 77 77 77 77 77 77 77 77 77 77 77 77 77 77 77 77 77 77 77 77 77 77 77 77 77 77 77 77 77 77 77 77 77 77 77 77 77 77 77 77 77 86 86 86 85 85 85 84 84 84 84 84 84 84
 77 77 77 77 77 77 77 77 77 77 77 77 77 77 77 77 77 77 77 77 77 77 77 77 77 77 77 77 77 77 77 77 77 77 77 77 77 77 77 77 77 77 77 77 77 77 77 86 86 85 85 85 85 84 84 84 84 84 84 84
 77 77 77 77 77 77 77 77 77 77 77 77 77 77 77 77 77 77 77 77 77 77 77 77 77 77 77 77 77 77 77 77 77 77 77 77 77 77 77 77 77 77 77 77 77 77 77 86 86 85 85 85 85 84 84 84 84 84 84 84
 77 77 77 77 77 77 77 77 77 77 77 77 77 77 77 77 77 77 77 77 77 77 77 77 77 77 77 77 77 77 77 77 77 77 77 77 77 77 77 77 77 77 77 77 77 77 77 86 86 85 85 85 85 84 84 84 84 84 84 84
 77 77 77 77 77 77 77 77 77 77 77 77 77 77 77 77 77 77 77 77 77 77 77 77 77 77 77 77 77 77 77 77 77 77 77 77 77 77 77 77 77 77 77 77 77 77 77 86 86 85 85 85 85 84 84 84 84 84 84 84
 77 77 77 77 77 77 77 77 77 77 77 77 77 77 77 77 77 77 77 77 77 77 77 77 77 77 77 77 77 77 77 77 77 77 77 77 77 77 77 77 77 77 77 77 77 77 77 86 86 85 85 85 85 84 84 84 84 84 84 84
 77 77 77 77 77 77 77 77 77 77 77 77 77 77 77 77 77 77 77 77 77 77 77 77 77 77 77 77 77 77 77 77 77 77 77 77 77 77 77 77 77 77 77 77 77 77 77 86 86 85 85 85 85 84 84 84 84 84 84 84
 77 77 77 77 77 77 77 77 77 77 77 77 77 77 77 77 77 77 77 77 77 77 77 77 77 77 77 77 77 77 77 77 77 77 77 77 77 77 77 77 77 77 77 77 86 77 86 86 86 85 85 85 85 84 84 84 84 84 84 84
 77 77 77 77 77 77 77 77 77 77 77 77 77 77 77 77 77 77 77 77 77 77 77 77 77 77 77 77 77 77 77 77 77 77 77 77 77 77 77 77 77 77 77 77 86 86 86 85 85 85 85 85 84 84 84 84 84 84 84 84
 77 77 77 77 77 77 77 77 77 77 77 77 77 77 77 77 77 77 77 77 77 77 77 77 77 77 77 77 77 77 77 77 77 77 77 77 77 77 77 77 77 77 77 77 86 86 85 85 85 85 85 85 84 84 84 84 84 84 84 84
 77 77 77 77 77 77 77 77 77 77 77 77 77 77 77 77 77 77 77 77 77 77 77 77 77 77 77 77 77 77 77 77 77 77 77 77 77 77 77 77 77 77 77 77 86 86 85 85 85 85 85 85 84 84 84 84 84 84 84 84
 77 77 77 77 77 77 77 77 20 77 77 77 77 77 77 77 77 77 77 77 77 77 77 77 77 77 77 77 77 77 77 77 77 77 77 77 77 77 77 77 77 77 77 77 86 86 85 85 85 85 85 85 84 84 84 84 84 84 84 84
 77 77 77 77 77 77 77 77 20 77 77 77 77 77 77 77 77 77 77 77 77 77 77 77 77 77 77 77 77 77 77 77 77 77 77 77 77 77 77 77 77 77 77 77 86 86 85 85 85 85 85 85 84 84 84 84 84 84 84 84
 77 77 77 77 77 77 77 77 20 77 77 77 77 77 77 77 77 77 77 77 77 77 77 77 77 77 77 77 77 77 77 77 77 77 77 77 77 77 77 77 77 77 77 86 86 86 85 85 85 85 85 85 84 84 84 84 84 84 84 84
 77 77 77 77 20 20 77 77 20 20 77 77 77 77 77 77 77 77 77 77 77 77 77 77 77 77 77 77 77 77 77 77 77 77 77 77 77 77 77 77 77 77 77 86 86 86 85 85 85 85 85 85 84 84 84 84 84 84 84 84
 77 77 77 20 20 20 77 77 77 77 77 77 77 77 77 77 77 77 77 77 77 77 77 77 77 77 77 77 77 77 77 77 77 77 77 77 77 77 77 77 77 77 77 86 86 86 85 85 85 85 85 85 84 84 84 84 84 84 84 84
 20 20 20 20 20 20 20 77 20 77 77 77 77 77 77 77 77 77 77 77 77 77 77 77 77 77 77 77 77 77 77 77 77 77 77 77 77 77 77 77 77 77 77 86 86 86 85 85 85 85 85 85 84 84 84 84 84 84 84 84
 20 20 20 20 20 20 20 20 20 77 77 77 77 77 77 77 77 77 77 77 77 77 77 77 77 77 77 77 77 77 77 77 77 77 77 77 77 77 77 77 77 77 77 77 86 86 85 85 85 85 85 85 84 84 84 84 84 84 84 84
 20 20 20 20 20 20 20 20 20 77 77 77 77 77 77 77 77 77 77 77 77 77 77 77 77 77 77 77 77 77 77 77 77 77 77 77 77 77 77 77 77 77 77 77 86 86 85 85 85 85 85 85 84 84 84 84 84 84 84 84
 20 20 20 20 20 20 20 77 77 77 77 77 77 77 77 77 77 77 77 77 77 77 77 77 77 77 77 77 77 77 77 77 77 77 77 77 77 77 77 77 77 77 77 77 86 86 85 85 85 85 85 85 84 84 84 84 84 84 84 84
 20 20 20 77 77 77 77 77 77 77 77 77 77 77 77 77 77 77 77 77 77 77 77 77 77 77 77 77 77 77 77 77 77 77 77 77 77 77 77 77 77 77 77 77 86 86 85 85 85 85 85 85 84 84 84 84 84 84 84 84
 20 20 20 20 77 77 77 77 77 77 77 77 77 77 77 77 77 77 77 77 77 77 77 77 77 77 77 77 77 77 77 77 77 77 77 77 77 77 77 77 77 77 77 77 86 86 85 85 85 85 85 85 84 84 84 84 84 84 84 84
 20 20 20 20 77 77 77 77 77 20 77 77 77 77 77 77 77 77 77 77 77 77 77 77 77 77 77 77 77 77 77 77 77 77 77 77 77 77 77 77 77 77 77 86 86 86 85 85 85 85 85 85 84 84 84 84 84 84 84 84
 20 20 20 77 20 77 77 77 20 20 77 77 77 77 77 77 77 77 77 77 77 77 77 77 77 77 77 77 77 77 77 77 77 77 77 77 77 77 77 77 77 77 86 86 86 86 85 85 85 85 85 85 84 84 84 84 84 84 84 84
 20 77 77 77 20 20 20 20 20 20 20 20 77 77 77 77 77 77 77 77 77 77 77 77 77 77 77 77 77 77 77 77 77 77 77 77 77 77 77 77 77 86 86 86 86 86 85 85 85 85 85 85 84 84 84 84 84 84 84 84
 20 77 77 77 77 20 20 20 20 20 20 20 77 77 77 77 77 77 77 77 77 77 77 77 77 77 77 77 77 77 77 77 77 77 77 77 77 77 77 77 77 86 86 86 86 86 85 85 85 85 85 85 84 84 84 84 84 84 84 84
 20 20 77 77 77 77 20 20 20 20 20 20 77 77 77 77 77 77 77 77 77 77 77 77 77 77 77 77 77 77 77 77 77 77 77 77 77 77 77 77 77 77 86 86 86 86 85 85 85 85 85 85 84 84 84 84 84 84 84 84
 20 20 20 77 77 77 20 20 20 20 20 20 77 77 77 77 77 77 77 77 77 77 77 77 77 77 77 77 77 77 77 77 77 77 77 77 77 77 77 77 77 77 86 86 86 86 85 85 85 85 85 85 84 84 84 84 84 84 84 84
 20 20 20 77 77 77 20 20 20 20 20 20 20 77 77 77 77 77 77 77 77 77 77 77 77 77 77 77 77 77 77 77 77 77 77 77 77 77 77 77 77 77 86 86 86 86 85 85 85 85 85 85 84 84 84 84 84 84 84 84
 20 20 20 77 77 77 20 20 20 20 20 20 20 77 77 77 77 77 77 77 77 77 77 77 77 77 77 77 77 77 77 77 77 77 77 77 77 77 77 77 77 77 86 86 86 77 85 85 85 85 85 85 84 84 84 84 84 84 84 84
 20 20 20 20 77 77 77 77 20 20 20 20 20 20 77 77 77 77 77 77 77 77 77 77 77 77 77 77 77 77 77 77 77 77 77 77 77 77 77 77 77 77 86 86 86 86 85 85 85 85 85 85 84 84 84 84 84 84 84 84
 20 20 20 20 77 77 77 20 20 20 20 20 20 20 20 77 77 77 77 77 77 77 77 77 77 77 77 77 77 77 77 77 77 77 77 77 77 77 77 77 77 77 86 86 86 77 85 85 85 85 85 85 84 84 84 84 84 84 84 84
 20 20 20 20 77 77 77 77 20 20 20 20 20 20 20 20 77 77 77 77 77 77 77 77 20 20 77 77 77 77 77 77 77 77 77 77 77 77 77 77 77 77 86 86 77 77 77 85 85 85 85 85 84 84 84 84 84 84 84 84
 20 20 20 20 20 77 77 77 77 77 20 20 77 20 20 20 20 77 77 77 77 77 77 77 77 20 20 77 77 77 77 77 77 77 77 77 77 77 77 77 77 77 77 86 77 77 85 85 85 85 85 85 84 84 84 84 84 84 84 84
 20 20 20 20 20 77 77 77 77 77 77 77 77 77 20 20 20 20 77 77 77 77 77 77 20 20 20 77 77 77 77 77 77 77 77 77 77 77 77 77 77 77 77 77 77 77 85 85 85 85 85 85 84 84 84 84 84 84 84 84
 20 20 20 20 20 20 20 20 77 77 77 20 77 77 77 77 77 20 20 20 20 77 77 77 20 20 20 20 77 77 77 77 77 77 77 77 77 77 77 77 77 77 77 77 82 82 85 85 85 85 85 85 84 84 84 84 84 84 84 84
 20 20 20 20 20 20 20 20 20 20 20 20 77 77 77 77 77 77 77 77 77 77 77 77 77 20 20 20 20 77 77 77 77 77 77 77 77 77 77 77 77 77 77 77 77 77 85 85 85 85 85 85 84 84 84 84 84 84 84 84
 20 20 20 20 20 20 20 20 20 20 20 20 77 77 77 20 77 20 20 77 77 77 77 77 20 20 20 20 20 77 77 77 77 77 77 77 77 77 77 77 77 77 77 77 82 77 85 85 85 85 85 85 84 84 84 84 84 84 84 84
 20 20 20 20 20 20 20 20 20 20 20 20 77 77 20 20 20 20 20 77 20 20 20 20 20 20 20 20 20 77 77 77 77 77 77 77 77 77 77 77 77 77 77 82 82 77 85 85 85 85 85 85 84 84 84 84 84 84 84 84
 20 20 20 20 20 20 20 20 20 20 20 20 20 77 20 20 20 20 20 20 20 20 20 20 20 20 20 20 20 77 77 77 77 77 77 77 77 77 77 77 77 77 77 82 82 85 85 85 85 85 85 85 84 84 84 84 84 84 84 84
 20 20 20 20 20 20 20 20 20 20 20 20 20 20 77 20 20 20 20 20 20 20 20 20 20 20 20 20 20 77 77 77 77 77 77 77 77 77 77 77 77 77 77 82 82 77 85 85 85 85 85 85 84 84 84 84 84 84 84 84
 20 20 20 20 20 20 20 20 20 20 20 20 20 20 77 20 20 20 20 20 20 20 20 20 20 20 20 20 20 77 77 77 77 77 77 77 77 77 77 77 77 77 77 82 77 77 85 85 85 85 85 85 84 84 84 84 84 84 84 84
 20 20 20 20 20 20 20 20 20 20 20 20 20 20 20 77 20 20 20 20 20 20 20 20 20 20 20 20 20 77 77 77 77 77 77 77 77 77 77 77 77 77 77 82 77 77 85 85 85 85 85 85 84 84 84 84 84 84 84 84
 20 20 20 20 20 20 20 20 20 20 20 20 20 20 20 20 20 20 20 20 20 20 20 20 20 20 20 20 20 77 77 77 77 77 77 77 77 77 77 77 77 77 77 82 77 77 85 85 85 85 84 85 84 84 84 84 84 84 84 84
 20 20 20 20 20 20 20 20 20 20 20 20 20 20 20 20 20 20 20 20 20 20 20 20 20 20 20 20 20 77 77 77 77 77 77 77 77 77 77 77 77 77 82 82 77 77 85 85 85 85 84 85 84 84 84 84 84 84 84 84
 20 20 20 20 20 20 20 20 20 20 20 20 20 20 20 20 20 20 20 20 20 20 20 20 20 20 20 20 77 77 77 77 77 77 77 77 77 77 77 77 77 77 82 82 82 82 82 85 85 85 85 84 84 84 84 84 84 84 84 84
 20 20 20 20 20 20 20 20 20 20 20 20 20 20 20 20 20 20 20 20 20 20 20 20 20 20 20 20 20 77 77 77 77 77 77 77 77 77 77 77 77 82 82 82 82 82 82 85 85 85 85 84 84 84 84 84 84 84 84 84
 20 20 20 20 20 20 20 20 20 20 20 20 20 20 20 20 20 20 20 20 20 20 20 20 20 20 20 20 20 77 77 77 77 77 77 77 77 77 77 77 77 82 82 82 82 82 82 85 85 85 85 84 84 84 84 84 84 84 84 84
 20 20 20 20 20 20 20 20 20 20 20 20 20 20 20 20 20 20 20 20 20 20 20 20 20 20 20 20 20 77 77 77 77 77 77 77 77 77 77 77 77 82 82 82 82 82 82 85 85 85 85 84 84 84 84 84 84 84 84 84
 20 20 20 20 20 20 20 20 20 20 20 20 20 20 20 20 20 20 20 20 77 20 20 20 77 77 77 20 20 20 77 77 77 77 77 77 77 77 77 77 77 82 82 82 82 82 82 85 85 85 85 84 84 84 84 84 84 84 84 84
 20 20 20 20 20 20 20 20 20 20 20 20 20 20 20 20 20 20 20 20 20 77 77 77 77 77 77 77 20 20 20 77 77 77 77 77 77 77 77 77 77 77 82 82 82 82 82 82 85 85 84 84 84 84 84 84 84 84 84 84
 20 20 20 20 20 20 20 20 20 20 20 20 20 20 20 20 20 20 20 20 20 77 77 77 77 77 77 77 20 20 20 77 77 77 77 77 77 77 77 77 77 82 82 82 82 82 82 82 85 85 84 84 84 84 84 84 84 84 84 84
 20 20 20 20 20 20 20 20 20 20 20 20 20 20 20 20 20 20 20 20 20 20 77 77 77 77 77 77 77 20 20 77 77 77 77 77 77 77 77 77 77 82 82 82 82 82 82 82 85 85 84 84 84 84 84 84 84 84 84 84
 20 20 20 20 20 20 20 20 20 20 20 20 20 20 20 20 20 20 20 20 20 20 20 77 77 77 77 77 77 20 20 77 77 77 77 77 77 77 77 77 77 82 82 82 82 82 82 82 85 85 84 84 84 84 84 84 84 84 84 84
 20 20 20 20 20 20 20 20 20 20 20 20 20 20 20 20 20 20 20 20 20 20 20 20 77 77 77 77 77 77 77 77 77 77 77 77 77 77 77 77 82 82 82 82 82 82 82 82 85 85 84 84 84 84 84 84 84 84 84 84
 20 20 20 20 20 20 20 20 20 20 20 20 20 20 20 20 20 20 20 20 20 20 20 20 77 77 77 77 77 77 20 77 77 77 77 77 77 77 77 77 82 82 82 82 82 82 82 82 85 85 84 84 84 84 84 84 84 84 84 84
 20 20 20 20 20 20 20 20 20 20 20 20 20 20 20 20 20 20 20 20 20 20 20 20 20 20 77 77 77 77 77 77 77 77 77 77 77 77 77 77 82 82 82 82 82 82 82 82 85 85 84 84 84 84 84 84 84 84 84 84
 20 20 20 20 20 20 20 20 20 20 20 20 20 20 20 20 20 20 20 20 20 20 20 20 20 20 77 20 77 77 77 77 77 77 77 77 77 77 77 77 82 82 82 82 82 82 82 82 85 85 84 84 84 84 84 84 84 84 84 84
 20 20 20 20 20 20 20 20 20 20 20 20 20 20 20 20 20 20 20 20 20 20 20 20 20 20 20 20 77 77 77 77 77 77 77 77 77 77 77 77 82 82 82 82 82 82 82 82 85 85 84 84 84 84 84 84 84 84 84 84
 20 20 20 20 20 20 20 20 20 20 20 20 20 20 20 20 20 20 20 20 20 20 20 20 20 20 20 20 20 20 77 77 77 77 77 77 77 77 77 77 82 82 82 82 82 82 82 82 85 85 84 84 84 84 84 84 84 84 84 84
 20 20 20 20 20 20 20 20 20 20 20 20 20 20 20 20 20 20 20 20 20 20 20 20 20 20 20 20 20 77 77 77 77 77 77 77 77 77 77 77 82 82 82 82 82 82 82 82 85 85 84 84 84 84 84 84 84 84 84 84
 20 20 20 20 20 20 20 20 20 20 20 20 20 20 20 20 20 20 20 20 20 20 20 20 20 20 20 20 20 20 77 77 77 77 77 77 77 77 77 77 82 82 82 82 82 82 82 82 85 85 84 84 84 84 84 84 84 84 84 84
 20 20 20 20 20 20 20 20 20 20 20 20 20 20 20 20 20 20 20 20 20 20 20 20 20 20 20 20 20 20 77 77 77 77 77 77 77 77 77 77 82 82 82 82 82 82 82 82 85 85 84 84 84 84 84 84 84 84 84 84
 20 20 20 20 20 20 20 20 20 20 20 20 20 20 20 20 20 20 20 20 20 20 20 20 20 20 20 20 20 20 77 77 77 77 77 77 77 77 77 77 82 82 82 82 82 82 82 82 85 85 84 84 84 84 84 84 84 84 84 84
 20 20 20 20 20 20 20 20 20 20 20 20 20 20 20 20 20 20 20 20 20 20 20 20 20 20 20 20 20 20 77 77 77 77 77 77 77 77 77 77 82 82 82 82 82 82 82 82 85 85 84 84 84 84 84 84 84 84 84 84
 20 20 20 20 20 20 20 20 20 20 20 20 20 20 20 20 20 20 20 20 20 20 20 20 20 20 20 20 20 20 77 77 77 77 77 77 77 77 77 77 82 82 82 82 82 82 82 82 85 85 84 84 84 84 84 84 84 84 84 84
 20 20 20 20 20 20 20 20 20 20 20 20 20 20 20 20 20 20 20 20 20 20 20 20 20 20 20 20 20 20 20 77 77 77 77 77 77 77 77 77 82 82 82 82 82 82 82 82 85 85 84 84 84 84 84 84 84 84 84 84
 20 20 20 20 20 20 20 20 20 20 20 20 20 20 20 20 20 20 20 20 20 20 20 20 20 20 20 20 20 20 20 77 77 77 77 77 77 77 77 77 80 82 82 82 82 82 82 82 82 83 83 83 83 83 83 84 84 84 84 84
 20 20 20 20 20 20 20 20 20 20 20 20 20 20 20 20 20 20 20 20 20 20 20 20 20 20 20 20 20 20 20 77 77 77 77 77 77 77 77 77 80 82 82 82 82 82 82 82 82 83 83 83 83 83 83 84 84 84 84 84
 20 20 20 20 20 20 20 20 20 20 20 20 20 20 20 20 20 20 20 20 20 20 20 20 20 20 20 20 20 20 20 20 77 77 77 77 77 77 77 77 80 82 82 82 82 82 82 82 82 83 83 83 83 83 83 84 84 84 84 84
 20 20 20 20 20 20 20 20 20 20 20 20 20 20 20 20 20 20 20 20 20 20 20 20 20 20 20 20 20 20 20 20 77 77 77 77 77 77 77 77 80 82 82 82 82 82 82 82 82 83 83 83 83 83 83 84 84 84 84 84
 20 20 20 20 20 20 20 20 20 20 20 20 20 20 20 20 20 20 20 20 20 20 20 20 20 20 20 20 20 20 20 20 77 77 77 77 77 77 77 77 80 80 82 82 82 82 82 82 83 83 83 83 83 83 83 84 84 84 84 84
 20 20 20 20 20 20 20 20 20 20 20 20 20 20 20 20 20 20 20 20 20 20 20 20 20 20 20 20 20 20 20 20 77 77 77 77 77 77 77 77 80 80 82 82 82 82 82 82 83 83 83 83 83 83 83 84 84 84 84 84
 20 20 20 20 20 20 20 20 20 20 20 20 20 20 20 20 20 20 20 20 20 20 20 20 20 20 20 20 20 20 20 20 77 20 77 77 77 77 77 77 77 77 82 82 82 82 82 82 83 83 83 83 83 83 83 84 84 84 84 84