   171.000000    
   172.000000    
   171.000000    
   172.000000    
   173.000000    
   170.000000    
   171.000000    
   172.000000    
   173.000000    
   170.000000    
   171.000000    
   172.000000    
   173.000000    
   170.000000    
   171.000000    
   172.000000    
   173.000000    
   170.000000    
   171.000000    
   172.000000    
   173.000000    
   170.000000    
   171.000000    
   172.000000    
   173.000000    
   170.000000    
   171.000000    
   172.000000    
   173.000000    
   170.000000    
   171.000000    
   172.000000    
   173.000000    
   168.000000    
   169.000000    
   170.000000    
   171.000000    
   172.000000    
   167.000000    
   168.000000    
   169.000000    
   170.000000    
   171.000000    
   172.000000    
   167.000000    
   168.000000    
   169.000000    
   170.000000    
   171.000000    
   172.000000    
   167.000000    
   168.000000    
   169.000000    
   170.000000    
   171.000000    
   172.000000    
   167.000000    
   168.000000    
   169.000000    
   170.000000    
   171.000000    
   172.000000    
   167.000000    
   168.000000    
   169.000000    
   170.000000    
   171.000000    
   172.000000    
   167.000000    
   168.000000    
   169.000000    
   170.000000    
   171.000000    
   172.000000    
   167.000000    
   168.000000    
   169.000000    
   170.000000    
   171.000000    
   172.000000    
   167.000000    
   168.000000    
   169.000000    
   170.000000    
   171.000000    
   172.000000    
   167.000000    
   168.000000    
   169.000000    
   170.000000    
   171.000000    
   172.000000    
   167.000000    
   168.000000    
   169.000000    
   170.000000    
   171.000000    
   172.000000    
   167.000000    
   168.000000    
   169.000000    
   170.000000    
   171.000000    
   172.000000    
   167.000000    
   168.000000    
   169.000000    
   170.000000    
   171.000000    
   172.000000    
   167.000000    
   168.000000    
   169.000000    
   170.000000    
   171.000000    
   172.000000    
   167.000000    
   168.000000    
   169.000000    
   170.000000    
   171.000000    
   172.000000    
   167.000000    
   168.000000    
   169.000000    
   170.000000    
   171.000000    
   172.000000    
   167.000000    
   168.000000    
   169.000000    
   170.000000    
   171.000000    
   172.000000    
   167.000000    
   168.000000    
   169.000000    
   170.000000    
   171.000000    
   172.000000    
   167.000000    
   168.000000    
   169.000000    
   170.000000    
   171.000000    
   172.000000    
   167.000000    
   168.000000    
   169.000000    
   170.000000    
   171.000000    
   172.000000    
   167.000000    
   168.000000    
   169.000000    
   170.000000    
   171.000000    
   172.000000    
   167.000000    
   168.000000    
   169.000000    
   170.000000    
   171.000000    
   172.000000    
   167.000000    
   168.000000    
   169.000000    
   170.000000    
   171.000000    
   172.000000    
   167.000000    
   168.000000    
   169.000000    
   170.000000    
   171.000000    
   172.000000    
   168.000000    
   169.000000    
   170.000000    
   171.000000    
   172.000000    
   167.000000    
   168.000000    
   169.000000    
   170.000000    
   171.000000    
   172.000000    
   167.000000    
   168.000000    
   169.000000    
   170.000000    
   171.000000    
   172.000000    
   167.000000    
   168.000000    
   169.000000    
   170.000000    
   171.000000    
   172.000000    
   167.000000    
   168.000000    
   169.000000    
   170.000000    
   171.000000    
   172.000000    
   167.000000    
   168.000000    
   169.000000    
   170.000000    
   171.000000    
   172.000000    
   167.000000    
   168.000000    
   169.000000    
   170.000000    
   171.000000    
   172.000000    
   166.000000    
   167.000000    
   168.000000    
   169.000000    
   170.000000    
   171.000000    
   172.000000    
   167.000000    
   168.000000    
   169.000000    
   170.000000    
   171.000000    
   172.000000    
   167.000000    
   168.000000    
   169.000000    
   170.000000    
   171.000000    
   172.000000    
   167.000000    
   168.000000    
   169.000000    
   170.000000    
   171.000000    
   172.000000    
   167.000000    
   168.000000    
   169.000000    
   170.000000    
   172.000000    
   167.000000    
   168.000000    
   169.000000    
   170.000000    
   172.000000    
   168.000000    
   169.000000    
   170.000000    
   171.000000    
   168.000000    
   169.000000    
   170.000000    
   171.000000    
   168.000000    
   169.000000    
   170.000000    
   171.000000    
   168.000000    
   169.000000    
   170.000000    
   171.000000    
   168.000000    
   169.000000    
   170.000000    
   171.000000    
   169.000000    
   170.000000    
   169.000000    
   170.000000    
   169.000000    
   170.000000    
   169.000000    
   170.000000    
   169.000000    
   170.000000    
   169.000000    
   170.000000    
   169.000000    
   170.000000    
   169.000000    
   170.000000    
   169.000000    
   170.000000    
   169.000000    
   170.000000    
   169.000000    
   170.000000    
   169.000000    
   170.000000    
   169.000000    
   170.000000    
   169.000000    
   170.000000    
   169.000000    
   170.000000    
   169.000000    
   170.000000    
   169.000000    
   170.000000    
