   169.000000    
   169.000000    
   167.000000    
   168.000000    
   169.000000    
   166.000000    
   167.000000    
   168.000000    
   169.000000    
   165.000000    
   166.000000    
   167.000000    
   168.000000    
   169.000000    
   170.000000    
   171.000000    
   164.000000    
   165.000000    
   166.000000    
   167.000000    
   168.000000    
   169.000000    
   170.000000    
   171.000000    
   163.000000    
   164.000000    
   165.000000    
   166.000000    
   167.000000    
   168.000000    
   169.000000    
   170.000000    
   171.000000    
   164.000000    
   165.000000    
   166.000000    
   167.000000    
   168.000000    
   169.000000    
   170.000000    
   171.000000    
   164.000000    
   165.000000    
   166.000000    
   167.000000    
   168.000000    
   169.000000    
   170.000000    
   171.000000    
   164.000000    
   165.000000    
   166.000000    
   167.000000    
   168.000000    
   169.000000    
   170.000000    
   171.000000    
   164.000000    
   165.000000    
   166.000000    
   167.000000    
   168.000000    
   169.000000    
   170.000000    
   171.000000    
   164.000000    
   165.000000    
   166.000000    
   167.000000    
   168.000000    
   169.000000    
   170.000000    
   171.000000    
   163.000000    
   164.000000    
   165.000000    
   166.000000    
   167.000000    
   168.000000    
   169.000000    
   170.000000    
   171.000000    
   163.000000    
   164.000000    
   165.000000    
   166.000000    
   167.000000    
   168.000000    
   169.000000    
   170.000000    
   171.000000    
   162.000000    
   163.000000    
   164.000000    
   165.000000    
   166.000000    
   167.000000    
   168.000000    
   169.000000    
   170.000000    
   171.000000    
   162.000000    
   163.000000    
   164.000000    
   165.000000    
   166.000000    
   167.000000    
   168.000000    
   169.000000    
   170.000000    
   171.000000    
   162.000000    
   163.000000    
   164.000000    
   165.000000    
   166.000000    
   167.000000    
   168.000000    
   169.000000    
   170.000000    
   171.000000    
   162.000000    
   163.000000    
   164.000000    
   165.000000    
   166.000000    
   167.000000    
   168.000000    
   169.000000    
   170.000000    
   171.000000    
   162.000000    
   163.000000    
   164.000000    
   165.000000    
   166.000000    
   167.000000    
   168.000000    
   169.000000    
   170.000000    
   171.000000    
   162.000000    
   163.000000    
   164.000000    
   165.000000    
   166.000000    
   167.000000    
   168.000000    
   169.000000    
   170.000000    
   171.000000    
   163.000000    
   164.000000    
   165.000000    
   166.000000    
   167.000000    
   168.000000    
   169.000000    
   170.000000    
   171.000000    
   163.000000    
   164.000000    
   165.000000    
   166.000000    
   167.000000    
   168.000000    
   169.000000    
   170.000000    
   171.000000    
   163.000000    
   164.000000    
   165.000000    
   166.000000    
   167.000000    
   168.000000    
   169.000000    
   170.000000    
   164.000000    
   165.000000    
   166.000000    
   167.000000    
   168.000000    
   169.000000    
   170.000000    
   164.000000    
   165.000000    
   166.000000    
   167.000000    
   168.000000    
   169.000000    
   170.000000    
   164.000000    
   165.000000    
   166.000000    
   167.000000    
   168.000000    
   169.000000    
   170.000000    
   165.000000    
   166.000000    
   167.000000    
   168.000000    
   169.000000    
   170.000000    
   164.000000    
   165.000000    
   166.000000    
   167.000000    
   168.000000    
   169.000000    
   170.000000    
   164.000000    
   165.000000    
   166.000000    
   167.000000    
   168.000000    
   169.000000    
   170.000000    
   164.000000    
   165.000000    
   166.000000    
   167.000000    
   168.000000    
   169.000000    
   170.000000    
   165.000000    
   166.000000    
   167.000000    
   168.000000    
   169.000000    
   170.000000    
   166.000000    
   167.000000    
   168.000000    
   169.000000    
   170.000000    
   167.000000    
   168.000000    
   169.000000    
   170.000000    
   167.000000    
   168.000000    
   169.000000    
   170.000000    
   167.000000    
   168.000000    
   169.000000    
   170.000000    
   167.000000    
   168.000000    
   169.000000    
   170.000000    
   167.000000    
   168.000000    
   169.000000    
   167.000000    
   168.000000    
   169.000000    
   170.000000    
   168.000000    
   169.000000    
   170.000000    
   168.000000    
   169.000000    
   170.000000    
   168.000000    
   169.000000    
   170.000000    
   168.000000    
   169.000000    
   170.000000    
   168.000000    
   169.000000    
   170.000000    
   171.000000    
   172.000000    
   168.000000    
   169.000000    
   170.000000    
   171.000000    
   172.000000    
   168.000000    
   169.000000    
   170.000000    
   171.000000    
   172.000000    
   168.000000    
   169.000000    
   170.000000    
   171.000000    
   172.000000    
   168.000000    
   169.000000    
   170.000000    
   171.000000    
   172.000000    
   168.000000    
   169.000000    
   170.000000    
   171.000000    
   172.000000    
   169.000000    
   170.000000    
   171.000000    
   172.000000    
   170.000000    
   171.000000    
   172.000000    
   171.000000    
   172.000000    
   172.000000    
