   1.00000000    
   1.00000000    
   1.00000000    
   1.00000000    
   1.00000000    
   1.00000000    
   2.00000000    
   2.00000000    
   2.00000000    
   2.00000000    
   2.00000000    
   2.00000000    
   3.00000000    
   3.00000000    
   3.00000000    
   3.00000000    
   3.00000000    
   4.00000000    
   4.00000000    
   4.00000000    
   4.00000000    
   4.00000000    
   5.00000000    
   5.00000000    
   5.00000000    
   5.00000000    
   6.00000000    
   6.00000000    
   7.00000000    
   7.00000000    
   8.00000000    
   8.00000000    
   9.00000000    
   9.00000000    
   10.0000000    
   10.0000000    
   11.0000000    
   11.0000000    
   12.0000000    
   12.0000000    
   13.0000000    
   13.0000000    
   14.0000000    
   14.0000000    
   322.000000    
   322.000000    
   324.000000    
   325.000000    
   325.000000    
   326.000000    
   326.000000    
   327.000000    
   327.000000    
   328.000000    
   329.000000    
   330.000000    
   331.000000    
   331.000000    
   332.000000    
   332.000000    
   332.000000    
   332.000000    
   332.000000    
   333.000000    
   333.000000    
   333.000000    
   333.000000    
   333.000000    
   333.000000    
   334.000000    
   334.000000    
   334.000000    
   334.000000    
   334.000000    
   334.000000    
   335.000000    
   335.000000    
   335.000000    
   335.000000    
   335.000000    
   335.000000    
   336.000000    
   336.000000    
   336.000000    
   336.000000    
   336.000000    
   336.000000    
   337.000000    
   337.000000    
   337.000000    
   337.000000    
   337.000000    
   337.000000    
   338.000000    
   338.000000    
   338.000000    
   338.000000    
   338.000000    
   338.000000    
   338.000000    
   339.000000    
   339.000000    
   339.000000    
   339.000000    
   339.000000    
   339.000000    
   339.000000    
   340.000000    
   340.000000    
   340.000000    
   340.000000    
   340.000000    
   340.000000    
   340.000000    
   341.000000    
   341.000000    
   341.000000    
   341.000000    
   341.000000    
   341.000000    
   341.000000    
   341.000000    
   342.000000    
   342.000000    
   342.000000    
   342.000000    
   342.000000    
   342.000000    
   342.000000    
   342.000000    
   343.000000    
   343.000000    
   343.000000    
   343.000000    
   343.000000    
   343.000000    
   343.000000    
   343.000000    
   344.000000    
   344.000000    
   344.000000    
   344.000000    
   344.000000    
   344.000000    
   344.000000    
   344.000000    
   345.000000    
   345.000000    
   345.000000    
   345.000000    
   345.000000    
   345.000000    
   345.000000    
   345.000000    
   346.000000    
   346.000000    
   346.000000    
   346.000000    
   346.000000    
   346.000000    
   346.000000    
   346.000000    
   347.000000    
   347.000000    
   347.000000    
   347.000000    
   347.000000    
   347.000000    
   347.000000    
   347.000000    
   348.000000    
   348.000000    
   348.000000    
   348.000000    
   348.000000    
   348.000000    
   348.000000    
   348.000000    
   349.000000    
   349.000000    
   349.000000    
   349.000000    
   349.000000    
   349.000000    
   349.000000    
   349.000000    
   350.000000    
   350.000000    
   350.000000    
   350.000000    
   350.000000    
   350.000000    
   350.000000    
   350.000000    
   351.000000    
   351.000000    
   351.000000    
   351.000000    
   351.000000    
   351.000000    
   351.000000    
   351.000000    
   352.000000    
   352.000000    
   352.000000    
   352.000000    
   352.000000    
   352.000000    
   352.000000    
   352.000000    
   353.000000    
   353.000000    
   353.000000    
   353.000000    
   353.000000    
   353.000000    
   353.000000    
   353.000000    
   354.000000    
   354.000000    
   354.000000    
   354.000000    
   354.000000    
   354.000000    
   354.000000    
   354.000000    
   355.000000    
   355.000000    
   355.000000    
   355.000000    
   355.000000    
   355.000000    
   355.000000    
   355.000000    
   356.000000    
   356.000000    
   356.000000    
   356.000000    
   356.000000    
   356.000000    
   356.000000    
   356.000000    
   357.000000    
   357.000000    
   357.000000    
   357.000000    
   357.000000    
   357.000000    
   357.000000    
   357.000000    
   358.000000    
   358.000000    
   358.000000    
   358.000000    
   358.000000    
   358.000000    
   359.000000    
   359.000000    
   359.000000    
   359.000000    
   359.000000    
   359.000000    
   360.000000    
   360.000000    
   360.000000    
   360.000000    
   360.000000    
   360.000000    
