 77 77 77 77 77 77 77 29 29 29 29 29 29 29 29 29 29 29 29 29 29 29 29 29 29 29 29 29 29 29 29 29 29 29 29 29 29 29 24 24 24 24 24 24 24 24 24 24 24 24 24 24 24 24 24 24 24 24 24 24
 77 77 77 77 77 77 77 29 29 29 29 29 29 29 29 29 29 29 29 29 29 29 29 29 29 29 29 29 29 29 29 29 29 29 29 29 29 29 24 24 24 24 24 24 24 24 24 24 24 24 24 24 24 24 24 24 24 24 24 24
 77 77 77 77 77 77 29 29 29 29 29 29 29 29 29 29 29 29 29 29 29 29 29 29 29 29 29 29 29 29 29 29 29 29 29 29 29 29 24 24 24 24 24 24 24 24 24 24 24 24 24 24 24 24 24 24 24 24 24 24
 77 77 77 77 77 77 29 29 29 29 29 29 29 29 29 29 29 29 29 29 29 29 29 29 29 29 29 29 29 29 29 29 29 29 29 29 29 29 24 24 24 24 24 24 24 24 24 24 24 24 24 24 24 24 24 24 24 24 24 24
 77 77 77 77 77 77 29 29 29 29 29 29 29 29 29 29 29 29 29 29 29 29 29 29 29 29 29 29 29 29 29 29 29 29 29 29 29 29 24 24 24 24 24 24 24 24 24 24 24 24 24 24 24 24 24 24 24 24 24 24
 77 77 77 77 77 77 29 29 29 29 29 29 29 29 29 29 29 29 29 29 29 29 29 29 29 29 29 29 29 29 29 29 29 29 29 29 29 29 24 24 24 24 24 24 24 24 24 24 24 24 24 24 24 24 24 24 24 24 24 24
 77 77 77 77 77 77 29 29 29 29 29 29 29 29 29 29 29 29 29 29 29 29 29 29 29 29 29 29 29 29 29 29 29 29 29 29 29 29 24 24 24 24 24 24 24 24 24 24 24 24 24 24 24 24 24 24 24 24 24 24
 77 77 77 77 77 77 29 29 29 29 29 29 29 29 29 29 29 29 29 29 29 29 29 29 29 29 29 29 29 29 29 29 29 29 29 29 29 29 24 24 24 24 24 24 24 24 24 24 24 24 24 24 24 24 24 24 24 24 24 24
 77 77 77 77 77 77 29 29 29 29 29 29 29 29 29 29 29 29 29 29 29 29 29 29 29 29 29 29 29 29 29 29 29 29 29 29 29 29 24 24 24 24 24 24 24 24 24 24 24 24 24 24 24 24 24 24 24 24 24 24
 77 77 77 77 77 77 29 29 29 29 29 29 29 29 29 29 29 29 29 29 29 29 29 29 29 29 29 29 29 29 29 29 29 29 29 29 29 29 24 24 24 24 24 24 24 24 24 24 24 24 24 24 24 24 24 24 24 24 24 24
 77 77 77 77 77 77 29 29 29 29 29 29 29 29 29 29 29 29 29 29 29 29 29 29 29 29 29 29 29 29 29 29 29 29 29 29 29 29 24 24 24 24 24 24 24 24 24 24 24 24 24 24 24 24 24 24 24 24 24 24
 77 77 77 77 77 77 29 29 29 29 29 29 29 29 29 29 29 29 29 29 29 29 29 29 29 29 29 29 29 29 29 29 29 29 29 29 29 29 24 24 24 24 24 24 24 24 24 24 24 24 24 24 24 24 24 24 24 24 24 24
 77 77 77 77 77 77 29 29 29 29 29 29 29 29 29 29 29 29 29 29 29 29 29 29 29 29 29 29 29 29 29 29 29 29 29 29 29 29 24 24 24 24 24 24 24 24 24 24 24 24 24 24 24 24 24 24 24 24 24 24
 77 77 77 77 77 77 29 29 29 29 29 29 29 29 29 29 29 29 29 29 29 29 29 29 29 29 29 29 29 29 29 29 29 29 29 29 29 29 24 24 24 24 24 24 24 24 24 24 24 24 24 24 24 24 24 24 24 24 24 24
 77 77 77 77 77 77 29 29 29 29 29 29 29 29 29 29 29 29 29 29 29 29 29 29 29 29 29 29 29 29 29 29 29 29 29 29 29 29 24 24 24 24 24 24 24 24 24 24 24 24 24 24 24 24 24 24 24 24 24 24
 77 77 77 77 77 77 29 29 29 29 77 77 29 29 29 29 29 29 29 29 29 29 29 29 29 29 29 29 29 29 29 29 29 29 29 29 29 29 24 24 24 24 24 24 24 24 24 24 24 24 24 24 24 24 24 24 24 24 24 24
 77 77 77 77 77 77 29 29 29 29 77 77 29 29 29 29 29 29 29 29 29 29 29 29 29 29 29 29 29 29 29 29 29 29 29 29 29 29 24 24 24 24 24 24 24 24 24 24 24 24 24 24 24 24 24 24 24 24 24 24
 77 77 77 77 77 77 29 29 29 29 77 77 29 29 29 29 29 29 29 29 29 29 29 29 29 29 29 29 29 29 29 29 29 29 29 29 29 29 24 24 24 24 24 24 24 24 24 24 24 24 24 24 24 24 24 24 24 24 24 24
 77 77 77 77 77 29 29 29 29 29 77 77 29 29 29 29 29 29 29 29 29 29 29 29 29 29 29 29 29 29 29 29 29 29 29 29 29 29 24 24 24 24 24 24 24 24 24 24 24 24 24 24 24 24 24 24 24 24 24 24
 77 77 77 77 77 29 29 29 29 29 77 77 29 29 29 29 29 29 29 29 29 29 29 29 29 29 29 29 29 29 29 29 29 29 29 29 29 29 24 24 24 24 24 24 24 24 24 24 24 24 24 24 24 24 24 24 24 24 24 24
 77 77 77 77 77 29 29 29 29 29 77 29 29 29 29 29 29 29 29 29 29 29 29 29 29 29 29 29 29 29 29 29 29 29 29 29 29 29 24 24 24 24 24 24 24 24 24 24 24 24 24 24 24 24 24 24 24 24 24 24
 77 77 77 77 77 29 29 29 29 29 29 77 29 29 29 29 29 29 29 29 29 29 29 29 29 29 29 29 29 29 29 29 29 29 29 29 29 29 24 24 24 24 24 24 24 24 24 24 24 24 24 24 24 24 24 24 24 24 24 24
 77 77 77 77 77 29 29 29 29 29 29 77 77 29 29 29 29 29 29 29 29 29 29 29 29 29 29 29 29 29 29 29 29 29 29 29 29 29 24 24 24 24 24 24 24 24 24 24 24 24 24 24 24 24 24 24 24 24 24 24
 77 77 77 77 77 29 29 29 29 29 29 77 77 29 29 29 29 29 29 29 29 29 29 29 29 29 29 29 29 29 29 29 29 29 29 29 29 29 24 24 24 24 24 24 24 24 24 24 24 24 24 24 24 24 24 24 24 24 24 24
 77 77 77 77 77 29 29 29 77 29 77 77 77 29 29 29 29 29 29 29 29 29 29 29 29 29 29 29 29 29 29 29 29 29 29 29 29 29 24 24 24 24 24 24 24 24 24 24 24 24 24 24 24 24 24 24 24 24 24 24
 77 77 77 77 77 29 29 77 77 29 77 77 77 29 29 29 29 29 29 29 29 29 29 29 29 29 29 29 29 29 29 29 29 29 29 29 29 29 24 24 24 24 24 24 24 24 24 24 24 24 24 24 24 24 24 24 24 24 24 24
 77 77 77 77 77 29 77 77 77 77 77 77 77 29 29 29 29 29 29 29 29 29 29 29 29 29 29 29 29 29 29 29 29 29 29 29 29 29 24 24 24 24 24 24 24 24 24 24 24 24 24 24 24 24 24 24 24 24 24 24
 77 77 77 77 77 77 77 77 77 77 77 77 77 29 29 29 29 29 29 29 29 29 29 29 29 29 29 29 29 29 29 29 29 29 29 29 29 29 24 24 24 24 24 24 24 24 24 24 24 24 24 24 24 24 24 24 24 24 24 24
 77 77 77 77 77 77 77 77 77 77 77 77 77 29 29 29 29 29 29 29 29 29 29 29 29 29 29 29 29 29 29 29 29 29 29 29 29 29 24 24 24 24 24 24 24 24 24 24 24 24 24 24 24 24 24 24 24 24 24 24
 77 77 77 77 77 77 77 77 77 77 77 77 77 77 29 29 29 29 29 29 29 29 29 29 29 29 29 29 29 29 29 29 29 29 29 29 29 29 24 24 24 24 24 24 24 24 24 24 24 24 24 24 24 24 24 24 24 24 24 24
 77 77 77 77 77 77 77 77 77 77 77 77 77 77 29 29 29 29 29 29 29 29 29 29 29 29 29 29 29 29 29 29 29 29 29 29 29 29 24 24 24 24 24 24 24 24 24 24 24 24 24 24 24 24 24 24 24 24 24 24
 77 77 77 77 77 77 77 77 77 77 77 77 77 77 29 29 29 29 29 29 29 29 29 29 29 29 29 29 29 29 29 29 29 29 29 29 29 29 24 24 24 24 24 24 24 24 24 24 24 24 24 24 24 24 24 24 24 24 24 24
 77 77 77 77 77 77 77 77 77 77 77 77 77 77 29 29 29 29 29 29 29 29 29 29 29 29 29 29 29 29 29 29 29 29 29 29 29 29 24 24 24 24 24 24 24 24 24 24 24 24 24 24 24 24 24 24 24 24 24 24
 77 77 77 77 77 77 77 77 77 77 77 77 77 77 29 29 29 29 29 29 29 29 29 29 29 29 29 29 29 29 29 29 29 29 29 29 29 29 24 24 24 24 24 24 24 24 24 24 24 24 24 24 24 24 24 24 24 24 24 24
 77 77 77 77 77 77 77 77 77 77 77 77 77 77 77 29 29 29 29 29 29 29 29 29 29 29 29 29 29 29 29 29 29 29 29 29 29 29 24 24 24 24 24 24 24 24 24 24 24 24 24 24 24 24 24 24 24 24 24 24
 77 77 77 77 77 77 77 77 77 77 77 77 77 77 77 29 29 29 29 29 29 29 29 29 29 29 29 29 29 29 29 29 29 29 29 29 29 29 24 24 24 24 24 24 24 24 24 24 24 24 24 24 24 24 24 24 24 24 24 24
 77 77 77 77 77 77 77 77 77 77 77 77 77 77 77 29 29 29 29 29 29 29 29 29 29 29 29 29 29 29 29 29 29 29 29 29 29 29 24 24 24 24 24 24 24 24 24 24 24 24 24 24 24 24 24 24 24 24 24 24
 77 77 77 77 77 77 77 77 77 77 77 77 77 77 77 29 29 29 29 29 29 29 29 29 29 29 29 29 29 29 29 29 29 29 29 29 29 29 24 24 24 24 24 24 24 24 24 24 24 24 24 24 24 24 24 24 24 24 24 24
 77 77 77 77 77 77 77 77 77 77 77 77 77 77 77 29 29 29 29 29 29 29 29 29 29 29 29 29 29 29 29 29 29 29 29 29 29 29 24 24 24 24 24 24 24 24 24 24 24 24 24 24 24 24 24 24 24 24 24 24
 77 77 77 77 77 77 77 77 77 77 77 77 77 77 77 29 29 29 29 29 29 29 29 29 29 29 29 29 29 29 29 29 29 29 29 29 29 29 24 24 24 24 24 24 24 24 24 24 24 24 24 24 24 24 24 24 24 24 24 24
 77 77 77 77 77 77 77 77 77 77 77 77 77 77 77 29 29 29 29 29 29 29 29 29 29 29 29 29 29 29 29 29 29 29 29 29 29 29 24 24 24 24 24 24 24 24 24 24 24 24 24 24 24 24 24 24 24 24 24 24
 77 77 77 77 77 77 77 77 77 77 77 77 77 77 77 29 29 29 29 29 29 29 29 29 29 29 29 29 29 29 29 29 29 29 29 29 29 29 24 24 24 24 24 24 24 24 24 24 24 24 24 24 24 24 24 24 24 24 24 24
 77 77 77 77 77 77 77 77 77 77 77 77 77 77 77 29 29 29 29 29 29 29 29 29 29 29 29 29 29 29 29 29 29 29 29 29 29 29 24 24 24 24 24 24 24 24 24 24 24 24 24 24 24 24 24 24 24 24 24 24
 77 77 77 77 77 77 77 77 77 77 77 77 77 77 77 77 29 29 29 29 29 29 29 29 29 29 29 29 29 29 29 29 29 29 29 29 29 29 24 24 24 24 24 24 24 24 24 24 24 24 24 24 24 24 24 24 24 24 24 24
 77 77 77 77 77 77 77 77 77 77 77 77 77 77 77 77 29 29 29 29 29 29 29 29 29 29 29 29 29 29 29 29 29 29 29 29 29 29 24 24 24 24 24 24 24 24 24 24 24 24 24 24 24 24 24 24 24 24 24 24
 77 77 77 77 77 77 77 77 77 77 77 77 77 77 77 77 29 29 29 29 29 29 29 29 29 29 29 29 29 29 29 29 29 29 29 29 29 29 24 24 24 24 24 24 24 24 24 24 24 24 24 24 24 24 24 24 24 24 24 24
 77 77 77 77 77 77 77 77 77 77 77 77 77 77 77 77 29 29 29 29 29 29 29 29 29 29 29 29 29 29 29 29 29 29 29 29 29 29 24 24 24 24 24 24 24 24 24 24 24 24 24 24 24 24 24 24 24 24 24 24
 77 77 77 77 77 77 77 77 77 77 77 77 77 77 77 77 29 29 29 29 29 29 29 29 29 29 29 29 29 29 29 29 29 29 29 29 29 29 24 24 24 24 24 24 24 24 24 24 24 24 24 24 24 24 24 24 24 24 24 24
 77 77 77 77 77 77 77 77 77 77 77 77 77 77 77 77 29 29 29 29 29 29 29 29 29 29 29 29 29 29 29 29 29 29 29 29 29 29 24 24 24 24 24 24 24 24 24 24 24 24 24 24 24 24 24 24 24 24 24 24
 77 77 77 77 77 77 77 77 77 77 77 77 77 77 77 77 29 29 29 29 29 29 29 29 29 29 29 29 29 29 29 29 29 29 29 29 29 29 24 24 24 24 24 24 24 24 24 24 24 24 24 24 24 24 24 24 24 24 24 24
 77 77 77 77 77 77 77 77 77 77 77 77 77 77 77 77 29 29 29 29 29 29 29 29 29 29 29 29 29 29 29 29 29 29 29 29 29 29 24 24 24 24 24 24 24 24 24 24 24 24 24 24 24 24 24 24 24 24 24 24
 77 77 77 77 77 77 77 77 77 77 77 77 77 77 77 77 29 29 29 29 29 29 29 29 29 29 29 29 29 29 29 29 29 29 29 29 29 29 24 24 24 24 24 24 24 24 24 24 24 24 24 24 24 24 24 24 24 24 24 24
 77 77 77 77 77 77 77 77 77 77 77 77 77 77 77 77 77 29 29 29 29 29 29 29 29 29 29 29 29 29 29 29 29 29 29 29 29 29 24 24 24 24 24 24 24 24 24 24 24 24 24 24 24 24 24 24 24 24 24 24
 77 77 77 77 77 77 77 77 77 77 77 77 77 77 77 77 77 29 29 29 29 29 29 29 29 29 29 29 29 29 29 29 29 29 29 29 29 29 24 24 24 24 24 24 24 24 24 24 24 24 24 24 24 24 24 24 24 24 24 24
 77 77 77 77 77 77 77 77 77 77 77 77 77 77 77 77 77 29 29 29 29 29 29 29 29 29 29 29 29 29 29 29 29 29 29 29 29 29 24 24 24 24 24 24 24 24 24 24 24 24 24 24 24 24 24 24 24 24 24 24
 77 77 77 77 77 77 77 77 77 77 77 77 77 77 77 77 77 29 29 29 29 29 29 29 29 29 29 29 29 29 29 29 29 29 29 29 29 29 24 24 24 24 24 24 24 24 24 24 24 24 24 24 24 24 24 24 24 24 24 24
 77 77 77 77 77 77 77 77 77 77 77 77 77 77 77 77 29 29 29 29 29 29 29 29 29 29 29 29 29 29 29 29 29 29 29 29 29 29 24 24 24 24 24 24 24 24 24 24 24 24 24 24 24 24 24 24 24 24 24 24
 77 77 77 77 77 77 77 77 77 77 77 77 77 77 77 77 77 29 29 29 29 29 29 29 29 29 29 29 29 29 29 29 29 29 29 29 29 29 24 24 24 24 24 24 24 24 24 24 24 24 24 24 24 24 24 24 24 24 24 24
 77 77 77 77 77 77 77 77 77 77 77 77 77 77 77 77 77 29 29 29 29 29 29 29 29 29 29 29 29 29 29 29 29 29 29 29 29 29 24 24 24 24 24 24 24 24 24 24 24 24 24 24 24 24 24 24 24 24 24 24
 77 77 77 77 77 77 77 77 77 77 77 77 77 77 77 77 77 29 29 29 29 29 29 29 29 29 29 29 29 29 29 29 29 29 29 29 29 29 24 24 24 24 24 24 24 24 24 24 24 24 24 24 24 24 24 24 24 24 24 24
 77 77 77 77 77 77 77 77 77 77 77 77 77 77 77 77 77 29 29 29 29 29 29 29 29 29 29 29 29 29 29 29 29 29 29 29 29 29 24 24 24 24 24 24 24 24 24 24 24 24 24 24 24 24 24 24 24 24 24 24
 77 77 77 77 77 77 77 77 77 77 77 77 77 77 77 77 29 29 29 29 29 29 29 29 29 29 29 29 29 29 29 29 29 29 29 29 29 29 24 24 24 24 24 24 24 24 24 24 24 24 24 24 24 24 24 24 24 24 24 24
 77 77 77 77 77 77 77 77 77 77 77 77 77 77 77 77 29 29 29 29 29 29 29 29 29 29 29 29 29 29 29 29 29 29 29 29 29 29 24 24 24 24 24 24 24 24 24 24 24 24 24 24 24 24 24 24 24 24 24 24
 77 77 77 77 77 77 77 77 77 77 77 77 77 77 77 77 29 29 29 29 29 29 29 29 29 29 29 29 29 29 29 29 29 29 29 29 29 29 24 24 24 24 24 24 24 24 24 24 24 24 24 24 24 24 24 24 24 24 24 24
 77 77 77 77 77 77 77 77 77 77 77 77 77 77 77 77 29 29 29 29 29 29 29 29 29 29 29 29 29 29 29 29 29 29 29 29 29 29 24 24 24 24 24 24 24 24 24 24 24 24 24 24 24 24 24 24 24 24 24 24
 77 77 77 77 77 77 77 77 77 77 77 77 77 77 77 77 29 29 29 29 29 29 29 29 29 29 29 29 29 29 29 29 29 29 29 29 29 29 24 24 24 24 24 24 24 24 24 24 24 24 24 24 24 24 24 24 24 24 24 24
 77 77 77 77 77 77 77 77 77 77 77 77 77 77 77 77 29 29 29 29 29 29 29 29 29 29 29 29 29 29 29 29 29 29 29 29 29 29 24 24 24 24 24 24 24 24 24 24 24 24 24 24 24 24 24 24 24 24 24 24
 77 77 77 77 77 77 77 77 77 77 77 77 77 77 77 77 29 29 29 29 29 29 29 29 29 29 29 29 29 29 29 29 29 29 29 29 29 29 24 24 24 24 24 24 24 24 24 24 24 24 24 24 24 24 24 24 24 24 24 24
 77 77 77 77 77 77 77 77 77 77 77 77 77 77 77 77 29 29 29 29 29 29 29 29 29 29 29 29 29 29 29 29 29 29 29 29 29 29 24 24 24 24 24 24 24 24 24 24 24 24 24 24 24 24 24 24 24 24 24 24
 77 77 77 77 77 77 77 77 77 77 77 77 77 77 77 77 29 29 29 29 29 29 29 29 29 29 29 29 29 29 29 29 29 29 29 29 29 29 24 24 24 24 24 24 24 24 24 24 24 24 24 24 24 24 24 24 24 24 24 24
 77 77 77 77 77 77 77 77 77 77 77 77 77 77 77 77 29 29 29 29 29 29 29 29 29 29 29 29 29 29 29 29 29 29 29 29 29 29 24 24 24 24 24 24 24 24 24 24 24 24 24 24 24 24 24 24 24 24 24 24
 77 77 77 77 77 77 77 77 77 77 77 77 77 77 77 77 29 29 29 29 29 29 29 29 29 29 29 29 29 29 29 29 29 29 29 29 29 29 24 24 24 24 24 24 24 24 24 24 24 24 24 24 24 24 24 24 24 24 24 24
 77 77 77 77 77 77 77 77 77 77 77 77 77 77 77 77 29 29 29 29 29 29 29 29 29 29 29 29 29 29 29 29 29 29 29 29 29 29 24 24 24 24 24 24 24 24 24 24 24 24 24 24 24 24 24 24 24 24 24 24
 77 77 77 77 77 77 77 77 77 77 77 77 77 77 77 77 29 29 29 29 29 29 29 29 29 29 29 29 29 29 29 29 29 29 29 29 29 29 24 24 24 24 24 24 24 24 24 24 24 24 24 24 24 24 24 24 24 24 24 24
 77 77 77 77 77 77 77 77 77 77 77 77 77 77 77 77 29 29 29 29 29 29 29 29 29 29 29 29 29 29 29 29 29 29 29 29 29 29 24 24 24 24 24 24 24 24 24 24 24 24 24 24 24 24 24 24 24 24 24 24
 77 77 77 77 77 77 77 77 77 77 77 77 77 77 77 77 29 29 29 29 29 29 29 29 29 29 29 29 29 29 29 29 29 29 29 29 29 29 24 24 24 24 24 24 24 24 24 24 24 24 24 24 24 24 24 24 24 24 24 24
 77 77 77 77 77 77 77 77 77 77 77 77 77 77 77 77 77 77 29 29 29 29 29 29 29 29 29 29 29 29 29 29 29 29 29 29 29 29 24 24 24 24 24 24 24 24 24 24 24 24 24 24 24 24 24 24 24 24 24 24
 77 77 77 77 77 77 77 77 77 77 77 77 77 77 77 77 77 77 29 29 29 29 29 29 29 29 29 29 29 29 29 29 29 29 29 29 29 29 24 24 24 24 24 24 24 24 24 24 24 24 24 24 24 24 24 24 24 24 24 24
 77 77 77 77 77 77 77 77 77 77 77 77 77 77 77 77 77 77 29 29 29 29 29 29 29 29 29 29 29 29 29 29 29 29 29 29 29 29 24 24 24 24 24 24 24 24 24 24 24 24 24 24 24 24 24 24 24 24 24 24
 77 77 77 77 77 77 77 77 77 77 77 77 77 77 77 77 77 77 29 29 29 29 29 29 29 29 29 29 29 29 29 29 29 29 29 29 29 29 24 24 24 24 24 24 24 24 24 24 24 24 24 24 24 24 24 24 24 24 24 24
 77 77 77 77 77 77 77 77 77 77 77 77 77 77 77 77 77 77 29 29 29 29 29 29 29 29 29 29 29 29 29 29 29 29 29 29 29 29 24 24 24 24 24 24 24 24 24 24 24 24 24 24 24 24 24 24 24 24 24 24
 77 77 77 77 77 77 77 77 77 77 77 77 77 77 77 77 77 77 77 29 29 29 29 29 29 29 29 29 29 29 29 29 29 29 29 29 29 29 24 24 24 24 24 24 24 24 24 24 24 24 24 24 24 24 24 24 24 24 24 24
 77 77 77 77 77 77 77 77 77 77 77 77 77 77 77 77 77 77 29 29 29 29 29 29 29 29 29 29 29 29 29 29 29 29 29 29 29 29 24 24 24 24 24 24 24 24 24 24 24 24 24 24 24 24 24 24 24 24 24 24
 77 77 77 77 77 77 77 77 77 77 77 77 77 77 77 77 77 77 29 29 29 29 29 29 29 29 29 29 29 29 29 29 29 29 29 29 29 29 24 24 24 24 24 24 24 24 24 24 24 24 24 24 24 24 24 24 24 24 24 24
 77 77 77 77 77 77 77 77 77 77 77 77 77 77 77 77 77 77 29 29 29 29 29 29 29 29 29 29 29 29 29 29 29 29 29 29 29 29 24 24 24 24 24 24 24 24 24 24 24 24 24 24 24 24 24 24 24 24 24 24
 77 77 77 77 77 77 77 77 77 77 77 77 77 77 77 77 77 29 29 29 29 29 29 29 29 29 29 29 29 29 29 29 29 29 29 29 29 29 24 24 24 24 24 24 24 24 24 24 24 24 24 24 24 24 24 24 24 24 24 24
 77 77 77 77 77 77 77 77 77 77 77 77 77 77 77 77 77 29 29 29 29 29 29 29 29 29 29 29 29 29 29 29 29 29 29 29 29 29 24 24 24 24 24 24 24 24 24 24 24 24 24 24 24 24 24 24 24 24 24 24
 77 77 77 77 77 77 77 77 77 77 77 77 77 77 77 77 77 29 29 29 29 29 29 29 29 29 29 29 29 29 29 29 29 29 29 29 29 29 24 24 24 24 24 24 24 24 24 24 24 24 24 24 24 24 24 24 24 24 24 24
 77 77 77 77 77 77 77 77 77 77 77 77 77 77 77 77 77 77 29 29 29 29 29 29 29 29 29 29 29 29 29 29 29 29 29 29 29 29 24 24 24 24 24 24 24 24 24 24 24 24 24 24 24 24 24 24 24 24 24 24
 77 77 77 77 77 77 77 77 77 77 77 77 77 77 77 77 77 29 29 29 29 29 29 29 29 29 29 29 29 29 29 29 29 29 29 29 29 29 24 24 24 24 24 24 24 24 24 24 24 24 24 24 24 24 24 24 24 24 24 24
 77 77 77 77 77 77 77 77 77 77 77 77 77 77 77 77 77 77 29 29 29 29 29 29 29 29 29 29 29 29 29 29 29 29 29 29 29 29 24 24 24 24 24 24 24 24 24 24 24 24 24 24 24 24 24 24 24 24 24 24
 77 77 77 77 77 77 77 77 77 77 77 77 77 77 77 77 77 77 29 29 29 29 29 29 29 29 29 29 29 29 29 29 29 29 29 29 29 29 24 24 24 24 24 24 24 24 24 24 24 24 24 24 24 24 24 24 24 24 24 24
 77 77 77 77 77 77 77 77 77 77 77 77 77 77 77 77 77 29 29 29 29 29 29 29 29 29 29 29 29 29 29 29 29 29 29 29 29 29 24 24 24 24 24 24 24 24 24 24 24 24 24 24 24 24 24 24 24 24 24 24
 77 77 77 77 77 77 77 77 77 77 77 77 77 77 77 77 77 29 29 29 29 29 29 29 29 29 29 29 29 29 29 29 29 29 29 29 29 29 24 24 24 24 24 24 24 24 24 24 24 24 24 24 24 24 24 24 24 24 24 24
 77 77 77 77 77 77 77 77 77 77 77 77 77 77 77 77 77 29 29 29 29 29 29 29 29 29 29 29 29 29 29 29 29 29 29 29 29 29 24 24 24 24 24 24 24 24 24 24 24 24 24 24 24 24 24 24 24 24 24 24
 77 77 77 77 77 77 77 77 77 77 77 77 77 77 77 77 77 29 29 29 29 29 29 29 29 29 29 29 29 29 29 29 29 29 29 29 29 29 24 24 24 24 24 24 24 24 24 24 24 24 24 24 24 24 24 24 24 24 24 24
 77 77 77 77 77 77 77 77 77 77 77 77 77 77 77 77 77 29 29 29 29 29 29 29 29 29 29 29 29 29 29 29 29 29 29 29 29 29 24 24 24 24 24 24 24 24 24 24 24 24 24 24 24 24 24 24 24 24 24 24
 77 77 77 77 77 77 77 77 77 77 77 77 77 77 77 77 77 29 29 29 29 29 29 29 29 29 29 29 29 29 29 29 29 29 29 29 29 29 24 24 24 24 24 24 24 24 24 24 24 24 24 24 24 24 24 24 24 24 24 24
 77 77 77 77 77 77 77 77 77 77 77 77 77 77 77 77 77 29 29 29 29 29 29 29 29 29 29 29 29 29 29 29 29 29 29 29 29 29 24 24 24 24 24 24 24 24 24 24 24 24 24 24 24 24 24 24 24 24 24 24
 77 77 77 77 77 77 77 77 77 77 77 77 77 77 77 77 77 29 29 29 29 29 29 29 29 29 29 29 29 29 29 29 29 29 29 29 29 29 24 24 24 24 24 24 24 24 24 24 24 24 24 24 24 24 24 24 24 24 24 24
 77 77 77 77 77 77 77 77 77 77 77 77 77 77 77 77 77 29 29 29 29 29 29 29 29 29 29 29 29 29 29 29 29 29 29 29 29 29 24 24 24 24 24 24 24 24 24 24 24 24 24 24 24 24 24 24 24 24 24 24
 77 77 77 77 77 77 77 77 77 77 77 77 77 77 77 77 77 77 29 29 29 29 29 29 29 29 29 29 29 29 29 29 29 29 29 29 29 29 24 24 24 24 24 24 24 24 24 24 24 24 24 24 24 24 24 24 24 24 24 24
 77 77 77 77 77 77 77 77 77 77 77 77 77 77 77 77 77 77 29 29 29 29 29 29 29 29 29 29 29 29 29 29 29 29 29 29 29 29 24 24 24 24 24 24 24 24 24 24 24 24 24 24 24 24 24 24 24 24 24 24
 77 77 77 77 77 77 77 77 77 77 77 77 77 77 77 77 77 29 29 29 29 29 29 29 29 29 29 29 29 29 29 29 29 29 29 29 29 29 24 24 24 24 24 24 24 24 24 24 24 24 24 24 24 24 24 24 24 24 24 24
 77 77 77 77 77 77 77 77 77 77 77 77 77 77 77 77 77 77 77 77 77 29 29 29 29 29 29 29 29 29 29 29 29 29 29 29 29 29 24 24 77 77 24 77 24 24 24 24 24 24 24 24 24 24 24 24 24 24 24 24
 77 77 77 77 77 77 77 77 77 77 77 77 77 77 77 77 77 77 77 77 29 29 29 29 29 29 29 29 29 29 29 29 29 29 29 29 29 77 77 77 77 77 77 77 77 77 77 77 24 24 24 24 24 24 24 24 24 24 24 24
 77 77 77 77 77 77 77 77 77 77 77 77 77 77 77 77 77 29 77 29 29 29 29 29 29 29 29 29 29 29 29 29 29 29 29 29 77 77 77 77 77 77 77 77 77 77 77 77 77 77 77 77 77 24 24 24 24 24 24 24
 77 77 77 77 77 77 77 77 77 77 77 77 77 77 77 77 77 77 77 29 77 29 29 29 29 29 29 29 29 29 29 29 29 29 29 77 77 77 77 77 77 77 77 77 77 77 77 77 77 77 77 77 77 77 77 24 24 24 24 24
 77 77 77 77 77 77 77 77 77 77 77 77 77 77 77 77 77 77 77 77 77 77 29 29 29 29 29 29 29 29 29 29 29 29 29 77 77 77 77 77 77 77 77 77 77 77 77 77 77 77 77 77 77 77 77 77 77 77 77 77
 77 77 77 77 77 77 77 77 77 77 77 77 77 77 77 77 77 77 77 77 77 77 29 29 29 29 29 29 29 29 29 29 29 29 29 77 77 77 77 77 77 77 77 77 77 77 77 77 77 77 77 77 77 77 77 77 77 77 77 77
 77 77 77 77 77 77 77 77 77 77 77 77 77 77 77 77 77 77 77 77 77 29 29 29 29 29 29 29 29 29 29 29 29 29 77 77 77 77 77 77 77 77 77 77 77 77 77 77 77 77 77 77 77 77 77 77 77 77 77 77
 77 77 77 77 77 77 77 77 77 77 77 77 77 77 77 77 77 77 77 77 77 29 77 29 29 29 29 29 29 29 29 29 29 29 77 77 77 77 14 77 77 77 77 77 77 77 77 77 77 77 77 77 77 77 77 77 77 77 77 77
 77 77 77 77 77 77 77 77 77 77 77 77 77 77 77 77 77 77 77 77 77 77 77 29 29 29 29 29 29 29 29 29 29 29 77 77 14 14 14 14 77 77 77 77 77 77 77 77 77 77 77 77 77 77 77 77 77 77 77 77
 77 77 77 77 77 77 77 77 77 77 77 77 77 77 77 77 77 77 77 77 77 77 77 77 29 29 29 29 29 29 29 29 29 29 29 77 14 14 14 14 14 77 77 14 77 77 77 77 77 77 77 77 77 77 77 77 77 77 77 77
 77 77 77 77 77 77 77 77 77 77 77 77 77 77 77 77 77 77 77 77 77 77 77 77 29 29 29 29 29 29 29 29 29 29 29 77 14 14 14 14 14 14 77 14 14 77 77 77 77 77 77 77 77 77 77 77 77 77 77 77
 77 77 77 77 77 77 77 77 77 77 77 77 77 77 77 77 77 77 77 77 77 77 19 77 77 29 29 29 29 29 29 29 29 29 29 77 14 14 14 14 14 14 14 14 14 14 77 77 14 77 77 77 77 77 77 77 77 77 77 77
 77 77 77 77 77 77 77 77 77 77 77 77 77 77 77 77 77 77 77 77 77 77 19 77 77 77 29 29 29 29 29 29 29 29 19 14 14 14 14 14 14 14 14 14 14 14 14 77 77 77 77 77 77 77 77 77 77 77 77 77
 77 77 77 77 77 77 77 77 77 77 77 77 77 77 77 77 77 77 77 77 77 19 19 77 77 77 29 29 29 29 29 29 29 19 19 14 14 14 14 14 14 14 14 14 14 14 14 14 14 77 77 77 77 77 77 77 77 77 77 77
 77 77 77 77 77 77 77 77 77 77 77 19 19 19 19 77 77 77 77 77 19 19 19 77 77 77 29 29 29 29 29 29 19 19 19 14 14 14 14 14 14 14 14 14 14 14 14 14 14 14 14 77 77 77 77 77 77 77 77 77
 77 77 77 77 77 77 77 77 77 77 77 19 19 19 19 19 77 77 19 19 19 19 19 19 19 77 29 77 29 29 29 19 19 19 19 14 14 14 77 14 14 14 14 14 14 14 14 14 14 14 14 77 77 77 77 77 77 77 77 77
 77 77 77 77 77 77 77 77 19 77 77 19 19 19 19 19 19 19 19 19 19 19 19 19 19 77 77 29 29 29 19 19 19 19 19 14 14 77 77 14 14 14 14 14 14 14 14 14 14 14 14 77 77 77 77 77 77 77 77 77
 77 77 77 77 77 77 77 77 19 19 77 19 19 19 19 19 19 19 19 19 19 19 19 19 19 77 77 77 29 19 19 19 19 19 19 14 14 14 77 14 14 14 14 14 14 14 14 14 14 14 14 77 77 77 77 77 77 77 77 77
 77 77 77 77 77 77 77 77 19 19 19 19 19 19 19 19 19 19 19 19 19 19 19 19 19 77 77 19 19 19 19 19 19 19 19 14 14 14 14 14 14 14 14 14 14 14 14 14 14 14 14 14 77 77 77 77 77 77 77 77
 77 77 77 77 77 77 77 77 77 19 19 19 19 19 19 19 19 19 19 19 19 19 19 19 19 19 77 19 19 19 19 19 19 19 19 14 14 14 14 14 14 14 14 14 14 14 14 14 14 14 14 14 14 14 14 77 77 77 77 77
 77 77 77 77 77 77 77 77 77 77 77 19 19 19 19 19 19 19 19 19 19 19 19 19 19 19 77 19 19 19 19 19 19 19 19 14 14 14 14 14 14 14 14 14 14 14 14 14 14 14 14 14 14 14 14 77 77 77 77 77
 77 77 77 77 77 77 77 77 77 77 77 77 19 19 19 19 19 19 19 19 19 19 19 19 19 19 19 19 19 19 19 19 19 19 19 14 14 14 14 14 14 14 14 14 14 14 14 14 14 14 14 14 14 14 14 77 77 77 77 77
 77 77 77 77 77 77 77 77 77 77 77 77 19 19 19 19 19 19 19 19 19 19 19 19 19 19 19 19 19 19 19 19 19 19 19 14 14 14 14 14 14 14 14 14 14 14 14 14 14 14 14 14 14 14 14 14 77 77 77 77
 77 77 77 77 77 77 77 77 77 77 77 77 19 19 19 19 19 19 19 19 19 19 19 19 19 19 19 19 19 19 19 19 19 19 19 14 14 14 14 14 14 14 14 14 14 14 14 14 14 14 14 14 14 14 14 14 14 14 77 77
 77 77 77 77 77 77 77 77 77 77 77 77 19 19 19 19 19 19 19 19 19 19 19 19 19 19 19 19 19 19 19 19 19 19 19 14 14 14 14 14 14 14 14 14 14 14 14 14 14 14 14 14 14 14 14 14 14 14 14 77
 77 77 77 77 77 77 77 77 77 77 77 77 19 19 19 19 19 19 19 19 19 19 19 19 19 19 19 19 19 19 19 19 19 19 19 14 14 14 14 14 14 14 14 14 14 14 14 14 14 14 14 14 14 14 14 14 14 14 14 77
 77 77 77 77 77 77 77 77 77 77 77 77 19 19 19 19 19 19 19 19 19 19 19 19 19 19 19 19 19 19 19 19 19 19 19 14 14 14 14 14 14 14 14 14 14 14 14 14 14 14 14 14 14 14 14 14 14 14 14 14
 77 77 77 77 77 77 77 77 77 77 77 77 19 19 19 19 19 19 19 19 19 19 19 19 19 19 19 19 19 19 19 19 19 19 19 14 14 14 14 14 14 14 14 14 14 14 14 14 14 14 14 14 14 14 14 14 14 14 14 14
 77 77 77 77 77 77 77 77 77 77 77 77 19 19 19 19 19 19 19 19 19 19 19 19 19 19 19 19 19 19 19 19 19 19 19 14 14 14 14 14 14 14 14 14 14 14 14 14 14 14 14 14 14 14 14 14 14 14 14 14
 77 77 77 77 77 77 77 77 77 77 77 77 19 19 19 19 19 19 19 19 19 19 19 19 19 19 19 19 19 19 19 19 19 19 19 14 14 14 14 14 14 14 14 14 14 14 14 14 14 14 14 14 14 14 14 14 14 14 14 14
 77 77 77 77 77 77 77 77 77 77 77 77 19 19 19 19 19 19 19 19 19 19 19 19 19 19 19 19 19 77 19 19 19 19 19 14 14 14 14 14 14 14 14 14 14 14 14 14 14 14 14 14 14 14 14 14 14 14 14 14
 77 77 77 77 77 77 77 77 77 77 77 77 19 19 19 19 19 19 19 19 19 19 19 19 19 19 19 19 19 19 19 19 19 19 19 14 14 14 14 14 14 14 14 14 14 14 14 14 14 14 14 14 14 14 14 14 14 14 14 14
 77 77 77 77 77 77 77 77 77 19 77 77 19 19 19 19 19 19 19 19 19 19 19 19 19 19 19 19 19 19 19 19 19 19 19 14 14 14 14 14 14 14 14 14 14 14 14 14 14 14 14 14 14 14 14 14 14 14 14 14
 77 77 77 77 77 77 77 77 77 19 19 19 19 19 19 19 19 19 19 19 19 19 19 19 19 19 19 19 19 19 19 19 19 19 19 14 14 14 14 14 14 14 14 14 14 14 14 14 14 14 14 14 14 14 14 14 14 14 14 14
 77 77 77 77 77 77 77 77 77 19 19 19 19 19 19 19 19 19 19 19 19 19 19 19 19 19 19 19 19 19 19 19 19 19 19 14 14 14 14 14 14 14 14 14 14 14 14 14 14 14 14 14 14 14 14 14 14 14 14 14
 77 77 77 77 77 77 77 77 77 77 19 19 19 19 19 19 19 19 19 19 19 19 19 19 19 19 19 19 19 19 19 19 19 19 19 14 14 14 14 14 14 14 14 14 14 14 14 14 14 14 14 14 14 14 14 14 14 14 14 14
 77 77 77 77 77 77 77 77 77 77 19 19 19 19 19 19 19 19 19 19 19 19 19 19 19 19 19 19 19 19 19 19 19 19 19 14 14 14 14 14 14 14 14 14 14 14 14 14 14 14 14 14 14 14 14 14 14 14 14 14
 77 77 77 77 77 77 77 77 77 77 19 19 19 19 19 19 19 19 19 19 19 19 19 19 19 19 19 19 19 19 19 19 19 19 19 14 14 14 14 14 14 14 14 14 14 14 14 14 14 14 14 14 14 14 14 14 14 14 14 14
 77 77 77 77 77 77 77 77 77 77 19 19 19 19 19 19 19 19 19 19 19 19 19 19 19 19 19 19 19 19 19 19 19 19 19 77 14 14 14 14 14 14 14 14 14 14 14 14 14 14 14 14 14 14 14 14 14 14 14 14
 77 77 77 77 77 77 77 77 77 77 19 77 19 19 19 19 19 19 19 19 19 19 19 19 19 19 19 19 19 19 19 19 19 19 19 77 14 14 14 14 14 14 14 14 14 14 14 14 14 14 14 14 14 14 14 14 14 14 14 14
 77 77 77 77 77 77 77 77 77 77 77 77 19 19 19 19 19 19 19 19 19 19 19 19 19 19 19 19 19 19 19 19 19 19 19 14 14 14 14 14 14 14 14 14 14 14 14 14 14 14 14 14 14 14 14 14 14 14 14 14
 77 77 77 77 77 77 77 77 77 77 77 77 77 19 19 19 19 19 19 19 19 19 19 19 19 19 19 19 19 19 19 19 19 19 19 14 14 14 14 14 14 14 14 14 14 14 14 14 14 14 14 14 14 14 14 14 14 14 14 14
 77 77 77 77 77 77 77 77 77 77 77 77 77 19 19 19 19 19 19 19 19 19 19 19 19 19 19 19 19 19 19 19 19 19 19 14 14 14 14 14 14 14 14 14 14 14 14 14 14 14 14 14 14 14 14 14 14 14 14 14
 77 77 77 77 77 77 77 77 77 77 77 77 77 19 19 19 19 19 19 19 19 19 19 19 19 19 19 19 19 19 19 19 19 19 19 14 14 14 14 14 14 14 14 14 14 14 14 14 14 14 14 14 14 14 14 14 14 14 14 14
 77 77 77 77 77 77 77 77 77 77 77 77 77 19 19 19 19 19 19 19 19 19 19 19 19 19 19 19 19 19 19 19 19 19 19 14 14 14 14 14 14 14 14 14 14 14 14 14 14 14 14 14 14 14 14 14 14 14 14 14
 77 77 77 77 77 77 77 77 77 77 77 77 77 19 19 19 19 19 19 19 19 19 19 19 19 19 19 19 19 19 19 19 19 19 19 14 14 14 14 14 14 14 14 14 14 14 14 14 14 14 14 14 14 14 14 14 14 14 14 14
 77 77 77 77 77 77 77 77 77 77 77 77 77 77 19 19 19 19 19 19 19 19 19 19 19 19 19 19 19 19 19 19 19 19 19 14 14 14 14 14 14 14 14 14 14 14 14 14 14 14 14 14 14 14 14 14 14 14 14 14
 77 77 77 77 77 77 77 77 77 77 77 77 77 77 19 19 19 19 19 19 19 19 19 19 19 19 19 19 19 19 19 19 19 19 19 14 14 14 14 14 14 14 14 14 14 14 14 14 14 14 14 14 14 14 14 14 14 14 14 14
 77 77 77 77 77 77 77 77 77 77 77 77 77 77 19 19 19 19 19 19 19 19 19 19 19 19 19 19 19 19 19 19 19 19 19 14 14 14 14 14 14 14 14 14 14 14 14 14 14 14 14 14 14 14 14 14 14 14 14 14
 77 77 77 77 77 77 77 77 77 77 77 77 77 77 19 19 19 19 19 19 19 19 19 19 19 19 19 19 19 19 19 19 19 19 19 14 14 14 14 14 14 14 14 14 14 14 14 14 14 14 14 14 14 14 14 14 14 14 14 14
 77 77 77 77 77 77 77 77 77 77 77 77 77 77 19 19 19 19 19 19 19 19 19 19 19 19 19 19 19 19 19 19 19 19 19 14 14 14 14 14 14 14 14 14 14 14 14 14 14 14 14 14 14 14 14 14 14 14 14 14
 77 77 77 77 77 77 77 77 77 77 77 77 77 77 19 19 19 19 19 19 19 19 19 19 19 19 19 19 19 19 19 19 19 19 19 14 14 14 14 14 14 14 14 14 14 14 14 14 14 14 14 14 14 14 14 14 14 14 14 14
 77 77 77 77 77 77 77 77 77 77 77 77 77 77 19 19 19 19 19 19 19 19 19 19 19 19 19 19 19 19 19 19 19 19 19 14 14 14 14 14 14 14 14 14 14 14 14 14 14 14 14 14 14 14 14 14 14 14 14 14
 77 77 77 77 77 77 77 77 77 77 77 77 77 77 19 19 19 19 19 19 19 19 19 19 19 19 19 19 19 19 19 19 19 19 19 14 14 14 14 14 14 14 14 14 14 14 14 14 14 14 14 14 14 14 14 14 14 14 14 14
 77 77 77 77 77 77 77 77 77 77 77 77 77 77 19 77 19 19 19 19 19 19 19 19 19 19 19 19 19 19 19 19 19 19 19 14 14 14 14 14 14 14 14 14 14 14 14 14 14 14 14 14 14 14 14 14 14 14 14 14
 77 77 77 77 77 77 77 77 77 77 77 77 77 77 19 77 19 19 19 19 19 19 19 19 19 19 19 19 19 19 19 19 19 19 19 14 14 14 14 14 14 14 14 14 14 14 14 14 14 14 14 14 14 14 14 14 14 14 14 14
 77 77 77 77 77 77 77 77 77 77 77 77 77 77 77 19 19 19 19 19 19 19 19 19 19 19 19 19 19 19 19 19 19 19 19 14 14 14 14 14 14 14 14 14 14 14 14 14 14 14 14 14 14 14 14 14 14 14 14 14
 77 77 77 77 77 77 77 77 77 77 77 77 77 77 77 19 19 19 19 19 19 19 19 19 19 19 19 19 19 19 19 19 19 19 19 14 14 14 14 14 14 14 14 14 14 14 14 14 14 14 14 14 14 14 14 14 14 14 14 14
 77 77 77 77 77 77 77 77 77 77 77 77 77 77 77 19 19 19 19 19 19 19 19 19 19 19 19 19 19 19 19 19 19 19 19 14 14 14 14 14 14 14 14 14 14 14 14 14 14 14 14 14 14 14 14 14 14 14 14 14
 77 77 77 77 77 77 77 77 77 77 77 77 77 77 77 77 77 19 19 19 19 19 19 19 19 19 19 19 19 19 19 19 19 19 19 14 14 14 14 14 14 14 14 14 14 14 14 14 14 14 14 14 14 14 14 14 14 14 14 14
 77 77 77 77 77 77 77 77 77 77 77 77 77 77 77 77 77 19 19 19 19 19 19 19 19 19 19 19 19 19 19 19 19 19 19 14 14 14 14 14 14 14 14 14 14 14 14 14 14 14 14 14 14 14 14 14 14 14 14 14
 77 77 77 77 77 77 77 77 77 77 77 77 77 77 77 77 77 19 19 19 19 19 19 19 19 19 19 19 19 19 19 19 19 19 19 14 14 14 14 14 14 14 14 14 14 14 14 14 14 14 14 14 14 14 14 14 14 14 14 14
 77 77 77 77 77 77 77 77 77 77 77 77 77 77 77 77 77 77 19 19 19 19 19 19 19 19 19 19 19 19 19 19 19 19 19 14 14 14 14 14 14 14 14 14 14 14 14 14 14 14 14 14 14 14 14 14 14 14 14 14
 77 77 77 77 77 77 77 77 77 77 77 77 77 77 77 77 77 77 77 19 19 19 19 19 19 19 19 19 19 19 19 19 19 19 19 14 14 14 14 14 14 14 14 14 14 14 14 14 14 14 14 14 14 14 14 14 14 14 14 14
 77 77 77 77 77 77 77 77 77 77 77 77 77 77 77 77 77 77 77 19 19 19 19 19 19 19 19 19 19 19 19 19 19 19 19 14 14 14 14 14 14 14 14 14 14 14 14 14 14 14 14 14 14 14 14 14 14 14 14 14
 77 77 77 77 77 77 77 77 77 77 77 77 77 77 77 77 77 77 77 19 19 19 19 19 19 19 19 19 19 19 19 19 19 19 19 14 14 14 14 14 14 14 14 14 14 14 14 14 14 14 14 14 14 14 14 14 14 14 14 14
 77 77 77 77 77 77 77 77 77 77 77 77 77 77 77 77 77 77 77 19 19 19 19 19 19 19 19 19 19 19 19 19 19 19 19 14 14 14 14 14 14 14 14 14 14 14 14 14 14 14 14 14 14 14 14 14 14 14 14 14
 77 77 77 77 77 77 77 77 77 77 77 77 77 77 77 77 77 77 77 19 19 19 19 19 19 19 19 19 19 19 19 19 19 19 19 14 14 14 14 14 14 14 14 14 14 14 14 14 14 14 14 14 14 14 14 14 14 14 14 14
 77 77 77 77 77 77 77 77 77 77 77 77 77 77 77 77 77 77 77 19 19 19 19 19 19 19 19 19 19 19 19 19 19 19 19 14 14 14 14 14 14 14 14 14 14 14 14 14 14 14 14 14 14 14 14 14 14 14 14 14
 77 77 77 77 77 77 77 77 77 77 77 77 77 77 77 77 77 77 77 77 19 19 19 19 19 19 19 19 19 19 19 19 19 19 19 14 14 14 14 14 14 14 14 14 14 14 14 14 14 14 14 14 14 14 14 14 14 14 14 14
 77 77 77 77 77 77 77 77 77 77 77 77 77 77 77 77 77 77 77 19 19 19 19 19 19 19 19 19 19 19 19 19 19 19 19 14 14 14 14 14 14 14 14 14 14 14 14 14 14 14 14 14 14 14 14 14 14 14 14 14
 77 77 77 77 77 77 77 77 77 77 77 77 77 77 77 77 77 77 77 19 19 19 19 19 19 19 19 19 19 19 19 19 19 19 19 14 14 14 14 14 14 14 14 14 14 14 14 14 14 14 14 14 14 14 14 14 14 14 14 14
 77 77 77 77 77 77 77 77 77 77 77 77 77 77 77 77 77 77 77 77 19 19 19 19 19 19 19 19 19 19 19 19 19 19 19 14 14 14 14 14 14 14 14 14 14 14 14 14 14 14 14 14 14 14 14 14 14 14 14 14
 77 77 77 77 77 77 77 77 77 77 77 77 77 77 77 77 77 77 77 77 19 19 19 19 19 19 19 19 19 19 19 19 19 19 19 14 14 14 14 14 14 14 14 14 14 14 14 14 14 14 14 14 14 14 14 14 14 14 14 14
 77 77 77 77 77 77 77 77 77 77 77 77 77 77 77 77 77 77 77 19 19 19 19 19 19 19 19 19 19 19 19 19 19 19 19 14 14 14 14 14 14 14 14 14 14 14 14 14 14 14 14 14 14 14 14 14 14 14 14 14
 77 77 77 77 77 77 77 77 77 77 77 77 77 77 77 77 77 77 77 19 19 19 19 19 19 19 19 19 19 19 19 19 19 19 19 14 14 14 14 14 14 14 14 14 14 14 14 14 14 14 14 14 14 14 14 14 14 14 14 14
 77 77 77 77 77 77 77 77 77 77 77 77 77 77 77 77 77 77 77 19 19 19 19 19 19 19 19 19 19 19 19 19 19 19 19 14 14 14 14 14 14 14 14 14 14 14 14 14 14 14 14 14 14 14 14 14 14 14 14 14
 77 77 77 77 77 77 77 77 77 77 77 77 77 77 77 77 77 77 77 19 19 19 19 19 19 19 19 19 19 19 19 19 19 19 19 14 14 14 14 14 14 14 14 14 14 14 14 14 14 14 14 14 14 14 14 14 14 14 14 14
 77 77 77 77 77 77 77 77 77 77 77 77 77 77 77 77 77 77 77 77 19 19 19 19 19 19 19 19 19 19 19 19 19 19 19 14 14 14 14 14 14 14 14 14 14 14 14 14 14 14 14 14 14 14 14 14 14 14 14 14
 77 77 77 77 77 77 77 77 77 77 77 77 77 77 77 77 77 77 77 77 19 19 19 19 19 19 19 19 19 19 19 19 19 19 19 14 14 14 14 14 14 14 14 14 14 14 14 14 14 14 14 14 14 14 14 14 14 14 14 14
 77 77 77 77 77 77 77 77 77 77 77 77 77 77 77 77 77 77 77 77 19 19 19 19 19 19 19 19 19 19 19 19 19 19 19 14 14 14 14 14 14 14 14 14 14 14 14 14 14 14 14 14 14 14 14 14 14 14 14 14
 77 77 77 77 77 77 77 77 77 77 77 77 77 77 77 77 77 77 77 77 19 19 19 19 19 19 19 19 19 19 19 19 19 19 19 14 14 14 14 14 14 14 14 14 14 14 14 14 14 14 14 14 14 14 14 14 14 14 14 14
 77 77 77 77 77 77 77 77 77 77 77 77 77 77 77 77 77 77 77 77 19 19 19 19 19 19 19 19 19 19 19 19 19 19 19 14 14 14 14 14 14 14 14 14 14 14 14 14 14 14 14 14 14 14 14 14 14 14 14 14
 77 77 77 77 77 77 77 77 77 77 77 77 77 77 77 77 77 77 77 77 19 19 19 19 19 19 19 19 19 19 19 19 19 19 19 14 14 14 14 14 14 14 14 14 14 14 14 14 14 14 14 14 14 14 14 14 14 14 14 14
 77 77 77 77 77 77 77 77 77 77 77 77 77 77 77 77 77 77 77 77 19 19 19 19 19 19 19 19 19 19 19 19 19 19 19 14 14 14 14 14 14 14 14 13 13 14 14 14 14 14 14 14 14 14 14 14 14 14 14 14
 77 77 77 77 77 77 77 77 77 77 77 77 77 77 77 77 77 77 77 77 19 19 19 19 19 19 19 19 19 19 19 19 19 19 19 14 14 14 14 14 14 14 14 14 14 14 14 14 14 14 14 14 14 14 14 14 14 14 14 14
 77 77 77 77 77 77 77 77 77 77 77 77 77 77 77 77 77 77 77 77 19 19 19 19 19 19 19 19 19 19 19 19 19 19 19 14 14 14 14 14 14 14 14 14 14 14 14 14 14 14 14 14 14 14 14 14 14 14 14 14
 77 77 77 77 77 77 77 77 77 77 77 77 77 77 77 77 77 77 77 77 19 19 19 19 19 19 19 19 19 19 19 19 19 19 19 14 14 14 14 14 14 14 14 14 14 14 14 14 14 14 14 14 14 14 14 14 14 14 14 14
 77 77 77 77 77 77 77 77 77 77 77 77 77 77 77 77 77 77 77 77 19 19 19 19 19 19 19 19 19 19 19 19 19 19 19 14 14 14 14 14 14 14 14 14 14 14 14 14 14 14 14 14 14 14 14 14 14 14 14 14
 77 77 77 77 77 77 77 77 77 77 77 77 77 77 77 77 77 77 77 77 19 19 19 19 19 19 19 19 19 19 19 19 19 19 19 14 14 14 14 14 14 14 14 14 14 14 14 14 14 14 14 14 14 14 14 14 14 14 14 14
 77 77 77 77 77 77 77 77 77 77 77 77 77 77 77 77 77 77 77 77 19 19 19 19 19 19 19 19 19 19 19 19 19 19 19 19 14 14 14 14 14 14 14 14 14 14 14 14 14 14 14 14 14 14 14 14 14 14 14 14
 77 77 77 77 77 77 77 77 77 77 77 77 77 77 77 77 77 77 77 77 19 19 19 19 19 19 19 19 19 19 19 19 19 19 19 19 19 14 14 14 14 14 14 14 14 14 14 14 14 14 14 14 14 14 14 14 14 14 14 14
 77 77 77 77 77 77 77 77 77 77 77 77 77 77 77 77 77 77 77 77 19 19 19 19 19 19 19 19 19 19 19 19 19 19 19 19 19 19 14 14 14 14 14 14 14 14 14 14 14 14 14 14 14 14 14 14 14 14 14 14
 77 77 77 77 77 77 77 77 77 77 77 77 77 77 77 77 77 77 77 77 19 19 19 19 19 19 19 19 19 19 19 19 19 19 19 19 19 19 19 19 14 14 14 14 14 14 14 14 14 14 14 14 14 14 14 14 14 14 14 77
 77 77 77 77 77 77 77 77 77 77 77 77 77 77 77 77 77 77 77 77 19 19 19 19 19 19 19 19 19 19 19 19 19 19 19 19 19 19 19 19 19 14 14 14 14 14 14 14 14 14 14 14 14 14 14 77 77 77 77 77
 77 77 77 77 77 77 77 77 77 77 77 77 77 77 77 77 77 77 77 77 19 19 19 19 19 19 19 19 19 19 19 19 19 19 19 19 19 19 19 19 19 19 14 14 14 14 14 14 14 14 14 14 14 14 14 77 77 77 77 77
 77 77 77 77 77 77 77 77 77 77 77 77 77 77 77 77 77 77 77 77 19 19 19 19 19 19 19 19 19 19 19 19 19 19 19 19 19 19 19 19 19 19 19 13 13 13 13 13 13 13 13 13 13 13 13 77 77 77 77 77
 77 77 77 77 77 77 77 77 77 77 77 77 77 77 77 77 77 77 77 77 19 19 19 19 19 19 19 19 19 19 19 19 19 19 19 19 19 19 19 19 19 19 19 13 13 13 13 13 13 13 13 13 13 13 13 77 77 77 77 77
 77 77 77 77 77 77 77 77 77 77 77 77 77 77 77 77 77 77 77 77 19 19 19 19 19 19 19 19 19 19 19 19 19 19 19 19 19 19 19 19 19 19 19 19 13 13 13 13 13 13 13 13 13 13 13 77 77 77 77 77
 77 77 77 77 77 77 77 77 77 77 77 77 77 77 77 77 77 77 77 77 19 19 19 19 19 19 19 19 19 19 19 19 19 19 19 19 19 19 19 19 19 19 19 19 19 13 13 13 13 13 13 13 13 13 13 77 77 77 77 77
 77 77 77 77 77 77 77 77 77 77 77 77 77 77 77 77 77 77 77 77 19 19 19 19 19 19 19 19 19 19 19 19 19 19 19 19 19 19 19 19 19 19 19 19 19 19 19 13 13 13 13 13 13 13 13 77 77 77 77 77
 77 77 77 77 77 77 77 77 77 77 77 77 77 77 77 77 77 77 77 77 19 19 19 19 19 19 19 19 19 19 19 19 19 19 19 19 19 19 19 19 19 19 19 19 19 19 19 19 13 13 13 13 13 13 13 13 77 77 77 77
 77 77 77 77 77 77 77 77 77 77 77 77 77 77 77 77 77 77 77 77 19 19 19 19 19 19 19 19 19 19 19 19 19 19 19 19 19 19 19 19 19 19 19 19 19 19 19 19 19 13 13 13 13 13 13 13 77 77 77 77
 77 77 77 77 77 77 77 77 77 77 77 77 77 77 77 77 77 77 77 77 19 19 19 19 19 19 19 19 19 19 19 19 19 19 19 19 19 19 19 19 19 19 19 19 19 19 19 19 19 19 13 13 13 13 13 13 77 77 77 77
 77 77 77 77 77 77 77 77 77 77 77 77 77 77 77 77 77 77 77 77 19 19 19 19 19 19 19 19 19 19 19 19 19 19 19 19 19 19 19 19 19 19 19 19 19 19 19 19 19 19 13 13 13 34 34 34 34 77 77 77
 77 77 77 77 77 77 77 77 77 77 77 77 77 77 77 77 77 77 77 77 77 19 19 19 19 19 19 19 19 19 19 19 19 19 19 19 19 19 19 19 19 19 19 19 19 19 19 19 19 19 13 13 34 34 34 34 34 34 77 77
 77 77 77 77 77 77 77 77 77 77 77 77 77 77 77 77 77 77 77 77 77 19 19 19 19 19 19 19 19 19 19 19 19 19 19 19 19 19 19 19 19 19 19 19 19 19 19 19 19 19 13 34 34 34 34 34 34 34 34 77
 77 77 77 77 77 77 77 77 77 77 77 77 77 77 77 77 77 77 77 77 77 19 19 19 19 19 19 19 19 39 39 39 39 39 39 39 39 39 39 39 39 39 39 39 39 39 39 39 39 39 13 34 34 34 34 34 34 34 34 34
 77 77 77 77 77 77 77 77 77 77 77 77 77 77 77 77 77 77 77 77 77 19 19 19 19 39 39 39 39 39 39 39 39 39 39 39 39 39 39 39 39 39 39 39 39 39 39 39 39 39 34 34 34 34 34 34 34 34 34 34
 77 77 77 77 77 77 77 77 77 77 77 77 77 77 77 77 77 77 77 77 77 77 39 39 39 39 39 39 39 39 39 39 39 39 39 39 39 39 39 39 39 39 39 39 39 39 39 39 39 39 34 34 34 34 34 34 34 34 34 34
 77 77 77 77 77 77 77 77 77 77 77 77 77 77 77 77 77 77 77 77 77 77 39 39 39 39 39 39 39 39 39 39 39 39 39 39 39 39 39 39 39 39 39 39 39 39 39 39 39 39 34 34 34 34 34 34 34 34 34 34
 77 77 77 77 77 77 77 77 77 77 77 77 77 77 77 77 77 77 77 77 77 39 39 39 39 39 39 39 39 39 39 39 39 39 39 39 39 39 39 39 39 39 39 39 39 39 39 39 39 39 34 34 34 34 34 34 34 34 34 34
 77 77 77 77 77 77 77 77 77 77 77 77 77 77 77 77 77 77 77 77 77 39 39 39 39 39 39 39 39 39 39 39 39 39 39 39 39 39 39 39 39 39 39 39 39 39 39 39 39 39 34 34 34 34 34 34 34 34 34 34
 77 77 77 77 77 77 77 77 77 77 77 77 77 77 77 77 77 77 77 77 77 39 39 39 39 39 39 39 39 39 39 39 39 39 39 39 39 39 39 39 39 39 39 39 39 39 39 39 39 39 34 34 34 34 34 34 34 34 34 34
 77 77 77 77 77 77 77 77 77 77 77 77 77 77 77 77 77 77 77 77 77 39 39 39 39 39 39 39 39 39 39 39 39 39 39 39 39 39 39 39 39 39 39 39 39 39 39 39 39 34 34 34 34 34 34 34 34 34 34 34
 77 77 77 77 77 77 77 77 77 77 77 77 77 77 77 77 77 77 77 77 77 39 39 39 39 39 39 39 39 39 39 39 39 39 39 39 39 39 39 39 39 39 39 39 39 39 39 39 39 34 34 34 34 34 34 34 34 34 34 34
 77 77 77 77 77 77 77 77 77 77 77 77 77 77 77 77 77 77 77 77 77 77 39 39 39 39 39 39 39 39 39 39 39 39 39 39 39 39 39 39 39 39 39 39 39 39 39 39 39 34 34 34 34 34 34 34 34 34 34 34
 77 77 77 77 77 77 77 77 77 77 77 77 77 77 77 77 77 77 77 77 77 77 39 39 39 39 39 39 39 39 39 39 39 39 39 39 39 39 39 39 39 39 39 39 39 39 39 39 39 34 34 34 34 34 34 34 34 34 34 34
 77 77 77 77 77 77 77 77 77 77 77 77 77 77 77 77 77 77 77 77 77 77 39 39 39 39 39 39 39 39 39 39 39 39 39 39 39 39 39 39 39 39 39 39 39 39 39 39 39 34 34 34 34 34 34 34 34 34 34 34
 77 77 77 77 77 77 77 77 77 77 77 77 77 77 77 77 77 77 77 77 77 77 39 39 39 39 39 39 39 39 39 39 39 39 39 39 39 39 39 39 39 39 39 39 39 39 39 39 39 34 34 34 34 34 34 34 34 34 34 34
 77 77 77 77 77 77 77 77 77 77 77 77 77 77 77 77 77 77 77 77 77 77 39 39 39 39 39 39 39 39 39 39 39 39 39 39 39 39 39 39 39 39 39 39 39 39 39 39 39 34 34 34 34 34 34 34 34 34 34 34
 77 77 77 77 77 77 77 77 77 77 77 77 77 77 77 77 77 77 77 77 77 77 77 39 39 39 39 39 39 39 39 39 39 39 39 39 39 39 39 39 39 39 39 39 39 39 39 39 39 34 34 34 34 34 34 34 34 34 34 34
 77 77 77 77 77 77 77 77 77 77 77 77 77 77 77 77 77 77 77 77 77 77 77 39 39 39 39 39 39 39 39 39 39 39 39 39 39 39 39 39 39 39 39 39 39 39 39 39 39 34 34 34 34 34 34 34 34 34 34 34
 77 77 77 77 77 77 77 77 77 77 77 77 77 77 77 77 77 77 77 77 77 77 77 39 39 39 39 39 39 39 39 39 39 39 39 39 39 39 39 39 39 39 39 39 39 39 39 39 39 34 34 34 34 34 34 34 34 34 34 34
 77 77 77 77 77 77 77 77 77 77 77 77 77 77 77 77 77 77 77 77 77 77 77 39 39 39 39 39 39 39 39 39 39 39 39 39 39 39 39 39 39 39 39 39 39 39 39 39 39 34 34 34 34 34 34 34 34 34 34 34
 77 77 77 77 77 77 77 77 77 77 77 77 77 77 77 77 77 77 77 77 77 77 77 39 39 39 39 39 39 39 39 39 39 39 39 39 39 39 39 39 39 39 39 39 39 39 39 39 39 34 34 34 34 34 34 34 34 34 34 34
 77 77 77 77 77 77 77 77 77 77 77 77 77 77 77 77 77 77 77 77 77 77 77 77 39 39 39 39 39 39 39 39 39 39 39 39 39 39 39 39 39 39 39 39 39 39 39 39 34 34 34 34 34 34 34 34 34 34 34 34
 77 77 77 77 77 77 77 77 77 77 77 77 77 77 77 77 77 77 77 77 77 77 77 77 39 39 39 39 39 39 39 39 39 39 39 39 39 39 39 39 39 39 39 39 39 39 39 39 34 34 34 34 34 34 34 34 34 34 34 34
 77 77 77 77 77 77 77 77 77 77 77 77 77 77 77 77 77 77 77 77 77 77 77 77 39 39 39 39 39 39 39 39 39 39 39 39 39 39 39 39 39 39 39 39 39 39 39 39 34 34 34 34 34 34 34 34 34 34 34 34
 77 77 77 77 77 77 77 77 77 77 77 77 77 77 77 77 77 77 77 77 77 77 77 77 77 39 39 39 39 39 39 39 39 39 39 39 39 39 39 39 39 39 39 39 39 39 39 39 34 34 34 34 34 34 34 34 34 34 34 34
 77 77 77 77 77 77 77 77 77 77 77 77 77 77 77 77 77 77 77 77 77 77 77 77 77 39 39 39 39 39 39 39 39 39 39 39 39 39 39 39 39 39 39 39 39 39 39 39 34 34 34 34 34 34 34 34 34 34 34 34
 77 77 77 77 77 77 77 77 77 77 77 77 77 77 77 77 77 77 77 77 77 77 77 77 39 39 39 39 39 39 39 39 39 39 39 39 39 39 39 39 39 39 39 39 39 39 39 39 34 34 34 34 34 34 34 34 34 34 34 34
 77 77 77 77 77 77 77 77 77 77 77 77 77 77 77 77 77 77 77 77 77 77 77 77 39 39 39 39 39 39 39 39 39 39 39 39 39 39 39 39 39 39 39 39 39 39 39 39 34 34 34 34 34 34 34 34 34 34 34 34
 77 77 77 77 77 77 77 77 77 77 77 77 77 77 77 77 77 77 77 77 77 77 77 39 39 39 39 39 39 39 39 39 39 39 39 39 39 39 39 39 39 39 39 39 39 39 39 39 34 34 34 34 34 34 34 34 34 34 34 34
 77 77 77 77 77 77 77 77 77 77 77 77 77 77 77 77 77 77 77 77 77 77 77 39 39 39 39 39 39 39 39 39 39 39 39 39 39 39 39 39 39 39 39 39 39 39 39 39 34 34 34 34 34 34 34 34 34 34 34 34
 77 77 77 77 77 77 77 77 77 77 77 77 77 77 77 77 77 77 77 77 77 77 77 39 39 39 39 39 39 39 39 39 39 39 39 39 39 39 39 39 39 39 39 39 39 39 39 39 34 34 34 34 34 34 34 34 34 34 34 34
 77 77 77 77 77 77 77 77 77 77 77 77 77 77 77 77 77 77 77 77 77 77 77 39 39 39 39 39 39 39 39 39 39 39 39 39 39 39 39 39 39 39 39 39 39 39 39 39 34 34 34 34 34 34 34 34 34 34 34 34
 77 77 77 77 77 77 77 77 77 77 77 77 77 77 77 77 77 77 77 77 77 77 77 39 39 39 39 39 39 39 39 39 39 39 39 39 39 39 39 39 39 39 39 39 39 39 39 39 34 34 34 34 34 34 34 34 34 34 34 34
 77 77 77 77 77 77 77 77 77 77 77 77 77 77 77 77 77 77 77 77 77 77 77 39 39 39 39 39 39 39 39 39 39 39 39 39 39 39 39 39 39 39 39 39 39 39 39 39 34 34 34 34 34 34 34 34 34 34 34 34
 77 77 77 77 77 77 77 77 77 77 77 77 77 77 77 77 77 77 77 77 77 77 77 39 39 39 39 39 39 39 39 39 39 39 39 39 39 39 39 39 39 39 39 39 39 39 39 39 34 34 34 34 34 34 34 34 34 34 34 34
 77 77 77 77 77 77 77 77 77 77 77 77 77 77 77 77 77 77 77 77 77 77 77 39 39 39 39 39 39 39 39 39 39 39 39 39 39 39 39 39 39 39 39 39 39 39 39 39 34 34 34 34 34 34 34 34 34 34 34 34
 77 77 77 77 77 77 77 77 77 77 77 77 77 77 77 77 77 77 77 77 77 77 77 39 39 39 39 39 39 39 39 39 39 39 39 39 39 39 39 39 39 39 39 39 39 39 39 39 34 34 34 34 34 34 34 34 34 34 34 34
 77 77 77 77 77 77 77 77 77 77 77 77 77 77 77 77 77 77 77 77 77 77 77 39 39 39 39 39 39 39 39 39 39 39 39 39 39 39 39 39 39 39 39 39 39 39 39 39 34 34 34 34 34 34 34 34 34 34 34 34
 77 77 77 77 77 77 77 77 77 77 77 77 77 77 77 77 77 77 77 77 77 77 77 39 39 39 39 39 39 39 39 39 39 39 39 39 39 39 39 39 39 39 39 39 39 39 39 39 34 34 34 34 34 34 34 34 34 34 34 34
 77 77 77 77 77 77 77 77 77 77 77 77 77 77 77 77 77 77 77 77 77 77 77 39 39 39 39 39 39 39 39 39 39 39 39 39 39 39 39 39 77 39 39 39 39 39 39 39 34 34 34 34 34 34 34 34 34 34 34 34
 77 77 77 77 77 77 77 77 77 77 77 77 77 77 77 77 77 77 39 77 77 77 77 39 39 39 39 39 39 39 39 39 39 39 39 39 39 39 39 39 77 39 39 39 39 39 39 39 34 34 34 34 34 34 34 34 34 34 34 34
 77 77 77 77 77 77 77 77 77 77 77 77 77 77 77 77 77 77 39 39 39 39 39 39 39 39 39 39 39 39 39 39 39 39 39 39 39 39 39 39 77 39 39 39 39 39 39 39 34 34 34 34 34 34 34 34 34 34 34 34
 77 77 77 77 77 77 77 77 77 77 77 77 77 77 77 77 77 77 77 77 39 39 39 39 39 39 39 39 39 39 39 39 39 39 39 39 39 39 39 39 39 39 39 39 39 39 39 39 34 34 34 34 34 34 34 34 34 34 34 34
 77 77 77 77 77 77 77 77 77 77 77 77 77 77 77 77 77 77 77 77 39 39 39 39 39 39 39 39 39 39 39 39 39 39 39 39 39 39 39 39 39 39 39 39 39 39 39 39 34 34 34 34 34 34 34 34 34 34 34 34
 77 77 77 77 77 77 77 77 77 77 77 77 77 77 77 77 77 77 77 77 77 39 39 39 39 39 39 39 39 39 39 39 39 39 39 39 39 39 39 39 39 39 39 39 39 39 39 39 34 34 34 34 34 34 34 34 34 34 34 34
 77 77 77 77 77 77 77 77 77 77 77 77 77 77 77 77 77 77 77 77 77 39 39 39 39 39 39 39 39 39 39 39 39 39 39 39 39 39 39 39 39 39 39 39 39 39 39 39 34 34 34 34 34 34 34 34 34 34 34 34
 77 77 77 77 77 77 77 77 77 77 77 77 77 77 77 77 77 77 77 77 77 39 39 39 39 39 39 39 39 39 39 39 39 39 39 39 39 39 39 39 39 39 39 39 39 39 39 39 34 34 34 34 34 34 34 34 34 34 34 34
 77 77 77 77 77 77 77 77 77 77 77 77 77 77 77 77 77 77 77 77 77 39 39 39 39 39 39 39 39 39 39 39 39 39 39 39 39 39 39 39 39 39 39 39 39 39 39 34 34 34 34 34 34 34 34 34 34 34 34 34
 77 77 77 77 77 77 77 77 77 77 77 77 77 77 77 77 77 77 77 77 77 39 39 39 39 39 39 39 39 39 39 39 39 39 39 39 39 39 39 39 39 39 39 39 39 39 39 34 34 34 34 34 34 34 34 34 34 34 34 34
 77 77 77 77 77 77 77 77 77 77 77 77 77 77 77 77 77 77 77 77 77 77 39 39 39 39 39 39 39 39 39 39 39 39 39 39 39 39 39 39 39 39 39 39 39 39 39 34 34 34 34 34 34 34 34 34 34 34 34 34
 77 77 77 77 77 77 77 77 77 77 77 77 77 77 77 77 77 77 77 77 77 77 39 39 39 39 39 39 39 39 39 39 39 39 39 39 39 39 39 39 39 39 39 39 39 39 39 34 34 34 34 34 34 34 34 34 34 34 34 34
 77 77 77 77 77 77 77 77 77 77 77 77 77 77 77 77 77 77 77 77 77 77 77 39 39 39 39 39 39 39 39 39 39 39 39 39 39 39 39 39 39 39 39 39 39 39 39 34 34 34 34 34 34 34 34 34 34 34 34 34
 77 77 77 77 77 77 77 77 77 77 77 77 77 77 77 77 77 77 77 77 77 77 77 39 39 39 39 39 39 39 39 39 39 39 39 39 39 39 39 39 39 39 39 39 39 39 39 34 34 34 34 34 34 34 34 34 34 34 34 34
 77 77 77 77 77 77 77 77 77 77 77 77 77 77 77 77 77 77 77 77 77 77 77 39 39 39 39 39 39 39 39 39 39 39 39 39 39 39 39 39 39 39 39 39 39 39 39 34 34 34 34 34 34 34 34 34 34 34 34 34
 77 77 77 77 77 77 77 77 77 77 77 77 77 77 77 77 77 77 77 77 77 77 77 39 39 39 39 39 39 39 39 39 39 39 39 39 39 39 39 39 39 39 39 39 39 39 39 34 34 34 34 34 34 34 34 34 34 34 34 34
 77 77 77 77 77 77 77 77 77 77 77 77 77 77 77 77 77 77 77 77 77 77 77 39 39 39 39 39 39 39 39 39 39 39 39 39 39 39 39 39 39 39 39 39 39 39 39 34 34 34 34 34 34 34 34 34 34 34 34 34
 77 77 77 77 77 77 77 77 77 77 77 77 77 77 77 77 77 77 77 77 77 77 77 77 39 39 39 39 39 39 39 39 39 39 39 39 39 39 39 39 39 39 39 39 39 39 39 34 34 34 34 34 34 34 34 34 34 34 34 34
 77 77 77 77 77 77 77 77 77 77 77 77 77 77 77 77 77 77 77 77 77 77 77 39 39 39 39 39 39 39 39 39 39 39 39 39 39 39 39 39 39 39 39 39 39 39 39 34 34 34 34 34 34 34 34 34 34 34 34 34
 77 77 77 77 77 77 77 77 77 77 77 77 77 77 77 77 77 77 77 77 77 77 77 77 39 39 39 39 39 39 39 39 39 39 39 39 39 39 39 39 39 39 39 39 39 39 39 34 34 34 34 34 34 34 34 34 34 34 34 34
 77 77 77 77 77 77 77 77 77 77 77 77 77 77 77 77 77 77 77 77 77 77 77 77 39 39 39 39 39 39 39 39 39 39 39 39 39 39 39 39 39 39 39 39 39 39 39 34 34 34 34 34 34 34 34 34 34 34 34 34
 77 77 77 77 77 77 77 77 77 77 77 77 77 77 77 77 77 77 77 77 77 77 77 77 39 39 39 39 39 39 39 39 39 39 39 39 39 39 39 39 39 39 39 39 39 39 39 34 34 34 34 34 34 34 34 34 34 34 34 34
 77 77 77 77 77 77 77 77 77 77 77 77 77 77 77 77 77 77 77 77 77 77 77 77 39 39 39 39 39 39 39 39 39 39 39 39 39 39 39 39 39 39 39 39 39 39 39 34 34 34 34 34 34 34 34 34 34 34 34 34
 77 77 77 77 77 77 77 77 77 77 77 77 77 77 77 77 77 77 77 77 77 77 77 77 39 39 39 39 39 39 39 39 39 39 39 39 39 39 39 39 39 39 39 39 39 39 39 34 34 34 34 34 34 34 34 34 34 34 34 34
 77 77 77 77 77 77 77 77 77 77 77 77 77 77 77 77 77 77 77 77 77 77 77 77 39 39 39 39 39 39 39 39 39 39 39 39 39 39 39 39 39 39 39 39 39 39 39 34 34 34 34 34 34 34 34 34 34 34 34 34
 77 77 77 77 77 77 77 77 77 77 77 77 77 77 77 77 77 77 77 77 77 77 77 77 39 39 39 39 39 39 39 39 39 39 39 39 39 39 39 39 39 39 39 39 39 39 39 34 34 34 34 34 34 34 34 34 34 34 34 34
 77 77 77 77 77 77 77 77 77 77 77 77 77 77 77 77 77 77 77 77 77 77 77 77 39 39 39 39 39 39 39 39 39 39 39 39 39 39 39 39 39 39 39 39 39 39 39 34 34 34 34 34 34 34 34 34 34 34 34 34
 77 77 77 77 77 77 77 77 77 77 77 77 77 77 77 77 77 77 77 77 77 77 77 77 39 39 39 39 39 39 39 39 39 39 39 39 39 39 39 39 39 39 39 39 39 39 39 34 34 34 34 34 34 34 34 34 34 34 34 34
 77 77 77 77 77 77 77 77 77 77 77 77 77 77 77 77 77 77 77 77 77 77 77 77 39 39 39 39 39 39 39 39 39 39 39 39 39 39 39 39 39 39 39 39 39 39 39 34 34 34 34 34 34 34 34 34 34 34 34 34
 77 77 77 77 77 77 77 77 77 77 77 77 77 77 77 77 77 77 77 77 77 77 77 77 39 39 39 39 39 39 39 39 39 39 39 39 39 39 39 39 39 39 39 39 39 39 39 34 34 34 34 34 34 34 34 34 34 34 34 34
 77 77 77 77 77 77 77 77 77 77 77 77 77 77 77 77 77 77 77 77 77 77 77 77 39 39 39 39 39 39 39 39 39 39 39 39 39 39 39 39 39 39 39 39 39 39 34 34 34 34 34 34 34 34 34 34 34 34 34 34
 77 77 77 77 77 77 77 77 77 77 77 77 77 77 77 77 77 77 77 77 77 77 77 77 39 39 39 39 39 39 39 39 39 39 39 39 39 39 39 39 39 39 39 39 39 39 34 34 34 34 34 34 34 34 34 34 34 34 34 34
 77 77 77 77 77 77 77 77 77 77 77 77 77 77 77 77 77 77 77 77 77 77 77 77 39 39 39 39 39 39 39 39 39 39 39 39 39 39 39 39 39 39 39 39 39 39 34 34 34 34 34 34 34 34 34 34 34 34 34 34
 77 77 77 77 77 77 77 77 77 77 77 77 77 77 77 77 77 77 77 77 77 77 77 77 39 39 39 39 39 39 39 39 39 39 39 39 39 39 39 39 39 39 39 39 39 39 34 34 34 34 34 34 34 34 34 34 34 34 34 34
 77 77 77 77 77 77 77 77 77 77 77 77 77 77 77 77 77 77 77 77 77 77 77 77 39 39 39 39 39 39 39 39 39 39 39 39 39 39 39 39 39 39 39 39 39 39 34 34 34 34 34 34 34 34 34 34 34 34 34 34
 77 77 77 77 77 77 77 77 77 77 77 77 77 77 77 77 77 77 77 77 77 77 77 77 39 39 39 39 39 39 39 39 39 39 39 39 39 39 39 39 39 39 39 39 39 39 34 34 34 34 34 34 34 34 34 34 34 34 34 34
 77 77 77 77 77 77 77 77 77 77 77 77 77 77 77 77 77 77 77 77 77 77 77 77 39 39 39 39 39 39 39 39 39 39 39 39 39 39 39 39 39 39 39 39 39 39 34 34 34 34 34 34 34 34 34 34 34 34 34 34
 77 77 77 77 77 77 77 77 77 77 77 77 77 77 77 77 77 77 77 77 77 77 77 77 39 39 39 39 39 39 39 39 39 39 39 39 39 39 39 39 39 39 39 39 39 39 34 34 34 34 34 34 34 34 34 34 34 34 34 34
 77 77 77 77 77 77 77 77 77 77 77 77 77 77 77 77 77 77 77 77 77 77 77 77 39 39 39 39 39 39 39 39 39 39 39 39 39 39 39 39 39 39 39 39 39 39 34 34 34 34 34 34 34 34 34 34 34 34 34 34
 77 77 77 77 77 77 77 77 77 77 77 77 77 77 77 77 77 77 77 77 77 77 77 77 39 39 39 39 39 39 39 39 39 39 39 39 39 39 39 39 39 39 39 39 39 39 34 34 34 34 34 34 34 34 34 34 34 34 34 34
 77 77 77 77 77 77 77 77 77 77 77 77 77 77 77 77 77 77 77 77 77 77 77 77 39 39 39 39 39 39 39 39 39 39 39 39 39 39 39 39 39 39 39 39 39 39 34 34 34 34 34 34 34 34 34 34 34 34 34 34
 77 77 77 77 77 77 77 77 77 77 77 77 77 77 77 77 77 77 77 77 77 77 77 77 39 39 39 39 39 39 39 39 39 39 39 39 39 39 39 39 39 39 39 39 39 39 34 34 34 34 34 34 34 34 34 34 34 34 34 34
 77 77 77 77 77 77 77 77 77 77 77 77 77 77 77 77 77 77 77 77 77 77 77 77 39 39 39 39 39 39 39 39 39 39 39 39 39 39 39 39 39 39 39 39 39 39 34 34 34 34 34 34 34 34 34 34 34 34 34 34
 77 77 77 77 77 77 77 77 77 77 77 77 77 77 77 77 77 77 77 77 77 77 77 77 39 39 39 39 39 39 39 39 39 39 39 39 39 39 39 39 39 39 39 39 39 39 34 34 34 34 34 34 34 34 34 34 34 34 34 34
 77 77 77 77 77 77 77 77 77 77 77 77 77 77 77 77 77 77 77 77 77 77 77 77 77 39 39 39 39 39 39 39 39 39 39 39 39 39 39 39 39 39 39 39 39 39 34 34 34 34 34 34 34 34 34 34 34 34 34 34
 77 77 77 77 77 77 77 77 77 77 77 77 77 77 77 77 77 77 77 77 77 77 77 77 77 39 39 39 39 39 39 39 39 39 39 39 39 39 39 39 39 39 39 39 39 39 34 34 34 34 34 34 34 34 34 34 34 34 34 34
 77 77 77 77 77 77 77 77 77 77 77 77 77 77 77 77 77 77 77 77 77 77 77 77 39 39 39 39 39 39 39 39 39 39 39 39 39 39 39 39 39 39 39 39 39 39 34 34 34 34 34 34 34 34 34 34 34 34 34 34
 77 77 77 77 77 77 77 77 77 77 77 77 77 77 77 77 77 77 77 77 77 77 77 77 39 39 39 39 39 39 39 39 39 39 39 39 39 39 39 39 39 39 39 39 39 39 34 34 34 34 34 34 34 34 34 77 77 77 77 77
 77 77 77 77 77 77 77 77 77 77 77 77 77 77 77 77 77 77 77 77 77 77 77 77 39 39 39 39 39 39 39 39 39 39 39 39 39 39 39 39 39 39 39 39 39 39 34 34 34 34 34 34 34 34 77 77 77 77 77 77
 77 77 77 77 77 77 77 77 77 77 77 77 77 77 77 77 77 77 77 77 77 77 77 39 39 39 39 39 39 39 39 39 39 39 39 39 39 39 39 39 39 39 39 39 39 34 34 34 34 34 34 34 34 34 77 77 77 77 77 77
 77 77 77 77 77 77 77 77 77 77 77 77 77 77 77 77 77 77 77 77 77 77 77 77 39 39 39 39 39 39 39 39 39 39 39 39 39 39 39 39 39 39 39 39 39 34 34 34 34 34 34 34 34 34 34 77 77 77 77 77
 77 77 77 77 77 77 77 77 77 77 77 77 77 77 77 77 77 77 77 77 77 77 77 77 39 39 39 39 39 39 39 39 39 39 39 39 39 39 39 39 39 39 39 39 39 34 34 34 34 34 34 34 34 34 34 77 77 77 77 77
 77 77 77 77 77 77 77 77 77 77 77 77 77 77 77 77 77 77 77 77 77 77 77 77 39 39 39 39 39 39 39 39 39 39 39 39 39 39 39 39 39 39 39 39 39 34 34 34 34 34 34 34 34 34 34 34 77 77 77 77
 77 77 77 77 77 77 77 77 77 77 77 77 77 77 77 77 77 77 77 77 77 77 77 77 39 39 39 39 39 39 39 39 39 39 39 39 39 39 39 39 39 39 39 39 39 34 34 34 34 34 34 34 34 34 34 34 77 77 77 77
 77 77 77 77 77 77 77 77 77 77 77 77 77 77 77 77 77 77 77 77 77 77 77 77 39 39 39 39 39 39 39 39 39 39 39 39 39 39 39 39 39 39 39 39 39 34 34 34 34 34 34 34 34 34 34 34 77 77 77 77
 77 77 77 77 77 77 77 77 77 77 77 77 77 77 77 77 77 77 77 77 77 77 77 77 39 39 39 39 39 39 39 39 39 39 39 39 39 39 39 39 39 39 39 39 39 34 34 34 34 34 34 34 34 34 34 34 77 77 77 77
 77 77 77 77 77 77 77 77 77 77 77 77 77 77 77 77 77 77 77 77 77 77 77 77 39 39 39 39 39 39 39 39 39 39 39 39 39 39 39 39 39 39 39 39 39 34 34 34 34 34 34 34 34 34 34 34 34 77 77 77
 77 77 77 77 77 77 77 77 77 77 77 77 77 77 77 77 77 77 77 77 77 77 77 77 39 39 39 39 39 39 39 39 39 39 39 39 39 39 39 39 39 39 39 39 39 34 34 34 34 34 34 34 34 34 34 34 34 77 77 77
 77 77 77 77 77 77 77 77 77 77 77 77 77 77 77 77 77 77 77 77 77 77 77 77 39 39 39 39 39 39 39 39 39 39 39 39 39 39 39 39 39 39 39 39 39 34 34 34 34 34 34 34 34 34 34 34 34 77 77 77
 77 77 77 77 77 77 77 77 77 77 77 77 77 77 77 77 77 77 77 77 77 77 77 77 39 39 39 39 39 39 39 39 39 39 39 39 39 39 39 39 39 39 39 39 39 34 34 34 34 34 34 34 34 34 34 34 34 77 77 77
 77 77 77 77 77 77 77 77 77 77 77 77 77 77 77 77 77 77 77 77 77 77 77 39 39 39 39 39 39 39 39 39 39 39 39 39 39 39 39 39 39 39 39 39 39 34 34 34 34 34 34 34 34 34 34 34 34 34 77 77
 77 77 77 77 77 77 77 77 77 77 77 77 77 77 77 77 77 77 77 77 77 77 77 77 39 39 39 39 39 39 39 39 39 39 39 39 39 39 39 39 39 39 39 39 39 34 34 34 34 34 34 34 34 34 34 34 34 34 77 77
 77 77 77 77 77 77 77 77 77 77 77 77 77 77 77 77 77 77 77 77 77 77 77 77 39 39 39 39 39 39 39 39 39 39 39 39 39 39 39 39 39 39 39 39 39 34 34 34 34 34 34 34 34 34 34 34 34 34 77 77
 77 77 77 77 77 77 77 77 77 77 77 77 77 77 77 77 77 77 77 77 77 77 77 77 39 39 39 39 39 39 39 39 39 39 39 39 39 39 39 39 39 39 39 39 39 34 34 34 34 34 34 34 34 34 34 34 34 34 77 77
 77 77 77 77 77 77 77 77 77 77 77 77 77 77 77 77 77 77 77 77 77 77 77 77 39 39 39 39 39 39 39 39 39 39 39 39 39 39 39 39 39 39 39 39 39 34 34 34 34 34 34 34 34 34 34 34 34 34 77 77
 77 77 77 77 77 77 77 77 77 77 77 77 77 77 77 77 77 77 77 77 77 77 77 77 39 39 39 39 39 39 39 39 39 39 39 39 39 39 39 39 39 39 39 39 39 34 34 34 34 34 34 34 34 34 34 34 34 77 77 77
 77 77 77 77 77 77 77 77 77 77 77 77 77 77 77 77 77 77 77 77 77 77 77 77 39 39 39 39 39 39 39 39 39 39 39 39 39 39 39 39 39 39 39 39 39 34 34 34 34 34 34 34 34 34 34 34 77 77 77 77
 77 77 77 77 77 77 77 77 77 77 77 77 77 77 77 77 77 77 77 77 77 77 77 77 39 39 39 39 39 39 39 39 39 39 39 39 39 39 39 39 39 39 39 39 39 34 34 34 34 34 34 34 34 34 34 77 77 77 77 77
 77 77 77 77 77 77 77 77 77 77 77 77 77 77 77 77 77 77 77 77 77 77 77 77 39 39 39 39 39 39 39 39 39 39 39 39 39 39 39 39 39 39 39 39 39 34 34 34 34 34 34 34 34 34 77 77 77 77 77 77
 77 77 77 77 77 77 77 77 77 77 77 77 77 77 77 77 77 77 77 77 77 77 77 77 39 39 39 39 39 39 39 39 39 39 39 39 39 39 39 39 39 39 39 39 39 34 34 34 34 34 34 34 34 34 77 77 77 77 77 77
 77 77 77 77 77 77 77 77 77 77 77 77 77 77 77 77 77 77 77 77 77 77 77 77 39 39 39 39 39 39 39 39 39 39 39 39 39 39 39 39 39 39 39 39 39 34 34 34 34 34 34 34 34 34 77 77 77 77 77 77
 77 77 77 77 77 77 77 77 77 77 77 77 77 77 77 77 77 77 77 77 77 77 77 77 39 39 39 39 39 39 39 39 39 39 39 39 39 39 39 39 39 39 39 39 39 34 34 34 34 34 34 34 77 77 77 77 77 77 77 77
 77 77 77 77 77 77 77 77 77 77 77 77 77 77 77 77 77 77 77 77 77 77 77 77 39 39 39 39 39 39 39 39 39 39 39 39 39 39 39 39 39 39 39 39 39 34 34 34 34 34 34 34 77 77 77 77 77 77 77 77
 77 77 77 77 77 77 77 77 77 77 77 77 77 77 77 77 77 77 77 77 77 77 77 77 39 39 39 39 39 39 39 39 39 39 39 39 39 39 39 39 39 39 39 39 39 34 34 34 34 34 34 77 77 77 77 77 77 77 77 77
 77 77 77 77 77 77 77 77 77 77 77 77 77 77 77 77 77 77 77 77 77 77 77 39 39 39 39 39 39 39 39 39 39 39 39 39 39 39 39 39 39 39 39 39 39 34 34 34 34 34 34 77 77 77 77 77 77 77 77 77
 77 77 77 77 77 77 77 77 77 77 77 77 77 77 77 77 77 77 77 77 77 77 77 39 39 39 39 39 39 39 39 39 39 39 39 39 39 39 39 39 39 39 39 39 39 34 34 34 34 34 34 77 77 77 77 77 77 77 77 77
 77 77 77 77 77 77 77 77 77 77 77 77 77 77 77 77 77 77 77 77 77 77 77 39 39 39 39 39 39 39 39 39 39 39 39 39 39 39 39 39 39 39 39 39 39 34 34 34 77 34 34 77 77 77 77 77 77 77 77 77
 77 77 77 77 77 77 77 77 77 77 77 77 77 77 77 77 77 77 77 77 77 77 77 39 39 39 39 39 39 39 39 39 39 39 39 39 39 39 39 39 39 39 39 39 39 34 34 77 77 77 24 77 77 77 77 77 77 77 77 77
 77 77 77 77 77 77 77 77 77 77 77 77 77 77 77 77 77 77 77 77 77 77 77 39 39 39 39 39 39 39 39 39 39 39 39 39 39 39 39 39 39 39 39 39 24 24 77 77 77 24 24 77 77 77 77 77 77 77 77 77
 77 77 77 77 77 77 77 77 77 77 77 77 77 77 77 77 77 77 77 77 77 77 39 39 39 39 39 39 39 39 39 39 39 39 39 39 39 39 39 39 39 39 39 39 24 24 24 77 77 24 24 77 77 77 77 77 77 77 77 77
 77 77 77 77 77 77 77 77 77 77 77 77 77 77 77 77 77 77 77 77 77 77 39 39 39 39 39 39 39 39 39 39 39 39 39 39 39 39 39 39 39 39 39 39 24 24 24 24 24 24 24 24 77 77 77 77 77 77 77 77
 77 77 77 77 77 77 77 77 77 77 77 77 77 77 77 77 77 77 77 77 77 77 39 39 39 39 39 39 39 39 39 39 39 39 39 39 39 39 39 39 39 39 39 39 24 24 24 24 24 24 24 24 77 77 77 77 77 77 77 77
 77 77 77 77 77 77 77 77 77 77 77 77 77 77 77 77 77 77 77 77 77 77 39 39 39 39 39 39 39 39 39 39 39 39 39 39 39 39 39 39 39 39 39 24 24 24 24 24 24 24 24 24 24 24 77 77 77 77 77 77
 77 77 77 77 77 77 77 77 77 77 77 77 77 77 77 77 77 77 77 77 77 77 39 39 39 39 39 39 39 39 39 39 39 39 39 39 39 39 39 39 39 39 39 24 24 24 24 24 24 24 24 24 24 24 24 24 77 77 77 77
 77 77 77 77 77 77 77 77 77 77 77 77 77 77 77 77 77 77 77 77 77 77 39 39 39 39 39 39 39 39 39 39 39 39 39 39 39 39 39 39 39 39 39 24 24 24 24 24 24 24 24 24 24 24 24 24 24 77 77 77
 77 77 77 77 77 77 77 77 77 77 77 77 77 77 77 77 77 77 77 77 77 77 39 39 39 39 39 39 39 39 39 39 39 39 39 39 39 39 39 39 39 39 39 24 24 24 24 24 24 24 24 24 24 24 24 24 24 24 24 24
 77 77 77 77 77 77 77 77 77 77 77 77 77 77 77 77 77 77 77 77 77 77 39 39 39 39 39 39 39 39 39 39 39 39 39 39 39 39 39 39 39 39 24 24 24 24 24 24 24 24 24 24 24 24 24 24 24 24 24 24
 77 77 77 77 77 77 77 77 77 77 77 77 77 77 77 77 77 77 77 77 77 39 39 39 39 39 39 39 39 39 39 39 39 39 39 39 39 39 39 39 39 39 24 24 24 24 24 24 24 24 24 24 24 24 24 24 24 24 24 24
 77 77 77 77 77 77 77 77 77 77 77 77 77 77 77 77 77 77 77 77 77 39 39 39 39 39 39 39 39 39 39 39 39 39 39 39 39 39 39 39 39 39 24 24 24 24 24 24 24 24 24 24 24 24 24 24 24 24 24 24
 77 77 77 77 77 77 77 77 77 77 77 77 77 77 77 77 77 77 77 77 77 39 39 39 39 39 39 39 39 39 39 39 39 39 39 39 39 39 39 39 39 39 24 24 24 24 24 24 24 24 24 24 24 24 24 24 24 24 24 24
 77 77 77 77 77 77 77 77 77 77 77 77 77 77 77 77 77 77 77 77 77 39 39 39 39 39 39 39 39 39 39 39 39 39 39 39 39 39 39 39 39 24 24 24 24 24 24 24 24 24 24 24 24 24 24 24 24 24 24 24
 77 77 77 77 77 77 77 77 77 77 77 77 77 77 77 77 77 77 77 77 77 39 39 39 39 39 39 39 39 39 39 39 39 39 39 39 39 39 39 39 39 24 24 24 24 24 24 24 24 24 24 24 24 24 24 24 24 24 24 24
 77 77 77 77 77 77 77 77 77 77 77 77 77 77 77 77 77 77 77 77 39 39 39 39 39 39 39 39 39 39 39 39 39 39 39 39 39 39 39 39 24 24 24 24 24 24 24 24 24 24 24 24 24 24 24 24 24 24 24 24
 77 77 77 77 77 77 77 77 77 39 77 77 77 77 77 77 77 77 77 77 39 39 39 39 39 39 39 39 39 39 39 39 39 39 39 39 39 39 39 39 24 24 24 24 24 24 24 24 24 24 24 24 24 24 24 24 24 24 24 24
 77 77 77 77 77 77 77 77 77 29 77 77 77 77 77 77 77 77 77 77 39 39 39 39 39 39 39 39 39 39 39 39 39 39 39 39 39 39 39 39 24 24 24 24 24 24 24 24 24 24 24 24 24 24 24 24 24 24 24 24
 77 77 77 77 77 77 77 77 77 29 29 77 77 29 77 77 77 77 77 77 39 39 39 39 39 39 39 39 39 39 39 39 39 39 39 39 39 39 39 39 24 24 24 24 24 24 24 24 24 24 24 24 24 24 24 24 24 24 24 24
 77 77 77 77 77 77 77 77 29 29 29 77 77 29 29 77 77 77 77 77 39 39 39 39 39 39 39 39 39 39 39 39 39 39 39 39 39 39 39 24 24 24 24 24 24 24 24 24 24 24 24 24 24 24 24 24 24 24 24 24
 77 77 77 77 77 77 77 77 29 29 29 77 29 29 29 77 77 77 77 77 39 39 39 39 39 39 39 39 39 39 39 39 39 39 39 39 39 39 39 24 24 24 24 24 24 24 24 24 24 24 24 24 24 24 24 24 24 24 24 24
 77 77 77 77 77 77 77 77 29 29 29 77 77 29 29 29 77 77 77 77 39 39 39 39 39 39 39 39 39 39 39 39 39 39 39 39 39 39 39 24 24 24 24 24 77 24 24 24 24 24 24 24 24 24 24 24 24 24 24 24
 77 77 77 77 77 77 77 77 29 29 29 77 77 29 29 29 77 77 77 77 39 39 39 39 39 39 39 39 39 39 39 39 39 39 39 39 39 39 39 24 24 24 24 77 77 77 24 24 24 24 24 24 24 24 24 24 24 24 24 24
 77 77 77 77 77 77 77 77 29 29 29 29 77 29 29 29 77 77 77 39 39 39 39 39 39 39 39 39 39 39 39 39 39 39 39 39 39 39 39 24 24 24 24 77 77 77 24 24 24 24 24 24 24 24 24 24 24 24 24 24
 77 77 77 77 77 77 77 29 29 29 29 29 29 29 29 29 77 77 77 39 39 39 39 39 39 39 39 39 39 39 39 39 39 39 39 39 39 39 39 24 24 24 24 77 77 77 77 24 24 24 24 24 24 24 24 24 24 24 24 24
 77 77 77 77 77 77 77 29 29 29 29 29 29 29 29 29 29 29 77 29 29 29 29 29 29 29 29 29 29 29 29 29 29 29 29 29 29 29 24 24 24 24 24 24 77 77 77 24 24 24 24 24 24 24 24 24 24 24 24 24
 77 77 77 77 77 77 77 29 29 29 29 29 29 29 29 29 29 29 29 29 29 29 29 29 29 29 29 29 29 29 29 29 29 29 29 29 29 29 24 24 24 24 24 24 24 77 77 77 77 24 24 24 24 24 24 24 24 24 24 24
 77 77 77 77 77 77 77 29 29 29 29 29 29 29 29 29 29 29 29 29 29 29 29 29 29 29 29 29 29 29 29 29 29 29 29 29 29 29 24 24 24 24 24 24 24 24 77 77 77 77 24 24 24 24 24 24 24 24 24 24
 77 77 77 77 77 77 77 29 29 29 29 29 29 29 29 29 29 29 29 29 29 29 29 29 29 29 29 29 29 29 29 29 29 29 29 29 29 29 24 24 24 24 24 24 24 24 24 77 77 24 24 24 24 24 77 24 24 24 24 24
 77 77 77 77 77 77 77 29 29 29 29 29 29 29 29 29 29 29 29 29 29 29 29 29 29 29 29 29 29 29 29 29 29 29 29 29 29 29 24 24 24 24 24 24 24 24 24 24 77 24 77 77 77 77 77 24 24 24 24 24
 77 77 77 77 77 77 77 29 29 29 29 29 29 29 29 29 29 29 29 29 29 29 29 29 29 29 29 29 29 29 29 29 29 29 29 29 29 29 24 24 24 24 24 24 24 24 24 24 77 77 77 77 77 24 24 24 24 24 24 24
 77 77 77 77 77 77 77 29 29 29 29 29 29 29 29 29 29 29 29 29 29 29 29 29 29 29 29 29 29 29 29 29 29 29 29 29 29 29 24 24 24 24 24 24 24 24 24 24 24 77 77 77 77 24 24 24 24 24 24 24
 77 77 77 77 77 77 77 29 29 29 29 29 29 29 29 29 29 29 29 29 29 29 29 29 29 29 29 29 29 29 29 29 29 29 29 29 29 29 24 24 24 24 24 24 24 24 24 24 24 24 77 77 77 24 24 24 24 24 24 24
 77 77 77 77 77 77 77 29 29 29 29 29 29 29 29 29 29 29 29 29 29 29 29 29 29 29 29 29 29 29 29 29 29 29 29 29 29 29 24 24 24 24 24 24 24 24 24 24 24 24 24 77 77 24 24 24 24 24 24 24
 77 77 77 77 77 77 77 29 29 29 29 29 29 29 29 29 29 29 29 29 29 29 29 29 29 29 29 29 29 29 29 29 29 29 29 29 29 29 24 24 24 24 24 24 24 24 24 24 24 24 24 24 24 24 24 24 24 24 24 24
