 24 24 24 24 24 24 24 24 24 24 22 22 22 22 22 22 22 22 22 22 22 22 22 22 22 22 22 22 22 22 22 22 22 22 22 22 22 22 22 22 22 22 22 22 22 22 22 22 22 22 20 20 20 20 20 20 20 20 20 20
 24 24 24 24 24 24 24 24 24 24 22 22 22 22 22 22 22 22 22 22 22 22 22 22 22 22 22 22 22 22 22 22 22 22 22 22 22 22 22 22 22 22 22 22 22 22 22 22 22 22 20 20 20 20 20 20 20 20 20 20
 24 24 24 24 24 24 24 24 24 24 22 22 22 22 22 22 22 22 22 22 22 22 22 22 22 22 22 22 22 22 22 22 22 22 22 22 22 22 22 22 22 22 22 22 22 22 22 22 22 22 20 20 20 20 20 20 20 20 20 20
 24 24 24 24 24 24 24 24 24 24 22 22 22 22 22 22 22 22 22 22 22 22 22 22 22 22 22 22 22 22 22 22 22 22 22 22 22 22 22 22 22 22 22 22 22 22 22 22 22 22 20 20 20 20 20 20 20 20 20 20
 24 24 24 24 24 24 24 24 24 24 22 22 22 22 22 22 22 22 22 22 22 22 22 22 22 22 22 22 22 22 22 22 22 22 22 22 22 22 22 22 22 22 22 22 22 22 22 22 22 22 20 20 20 20 20 20 20 20 20 20
 24 24 24 24 24 24 24 24 24 24 22 22 22 22 22 22 22 22 22 22 22 22 22 22 22 22 22 22 22 22 22 22 22 22 22 22 22 22 22 22 22 22 22 22 22 22 22 22 22 22 20 20 20 20 20 20 20 20 20 20
 24 24 24 24 24 24 24 24 24 24 22 22 22 22 22 22 22 22 22 22 22 22 22 22 22 22 22 22 22 22 22 22 22 22 22 22 22 22 22 22 22 22 22 22 22 22 22 22 22 22 20 20 20 20 20 20 20 20 20 20
 24 24 24 24 24 24 24 24 24 24 22 22 22 22 22 22 22 22 22 22 22 22 22 22 22 22 22 22 22 22 22 22 22 22 22 22 22 22 22 22 22 22 22 22 22 22 22 22 22 22 20 20 20 20 20 20 20 20 20 20
 24 24 24 24 24 24 24 24 24 24 22 22 22 22 22 22 22 22 22 22 22 22 22 22 22 22 22 22 22 22 22 22 22 22 22 22 22 22 22 22 22 22 22 22 22 22 22 22 22 22 20 20 20 20 20 20 20 20 20 20
 24 24 24 24 24 24 24 24 24 24 22 22 22 22 22 22 22 22 22 22 22 22 22 22 22 22 22 22 22 22 22 22 22 22 22 22 22 22 22 22 22 22 22 22 22 22 22 22 22 22 20 20 20 20 20 20 20 20 20 20
 24 24 24 24 24 24 24 24 24 24 22 22 22 22 22 22 22 22 22 22 22 22 22 22 22 22 22 22 22 22 22 22 22 22 22 22 22 22 22 22 22 22 22 22 22 22 22 22 22 22 20 20 20 20 20 20 20 20 20 20
 24 24 24 24 24 24 24 24 24 24 22 22 22 22 22 22 22 22 22 22 22 22 22 22 22 22 22 22 22 22 22 22 22 22 22 22 22 22 22 22 22 22 22 22 22 22 22 22 22 22 20 20 20 20 20 20 20 20 20 20
 24 24 24 24 24 24 24 24 24 24 22 22 22 22 22 22 22 22 22 22 22 22 22 22 22 22 22 22 22 22 22 22 22 22 22 22 22 22 22 22 22 22 22 22 22 22 22 22 22 22 20 20 20 20 20 20 20 20 20 20
 24 24 24 24 24 24 24 24 24 24 22 22 22 22 22 22 22 22 22 22 22 22 22 22 22 22 22 22 22 22 22 22 22 22 22 22 22 22 22 22 22 22 22 22 22 22 22 22 22 22 20 20 20 20 20 20 20 20 20 20
 24 24 24 24 24 24 24 24 24 24 22 22 22 22 22 22 22 22 22 22 22 22 22 22 22 22 22 22 22 22 22 22 22 22 22 22 22 22 22 22 22 22 22 22 22 22 22 22 22 22 20 20 20 20 20 20 20 20 20 20
 24 24 24 24 24 24 24 24 24 24 22 22 22 22 22 22 22 22 22 22 22 22 22 22 22 22 22 22 22 22 22 22 22 22 22 22 22 22 22 22 22 22 22 22 22 22 22 22 22 22 20 20 20 20 20 20 20 20 20 20
 24 24 24 24 24 24 24 24 24 24 22 22 22 22 22 22 22 22 22 22 22 22 22 22 22 22 22 22 22 22 22 22 22 22 22 22 22 22 22 22 22 22 22 22 22 22 22 22 22 22 20 20 20 20 20 20 20 20 20 20
 24 24 24 24 24 24 24 24 24 24 22 22 22 22 22 22 22 22 22 22 22 22 22 22 22 22 22 22 22 22 22 22 22 22 22 22 22 22 22 22 22 22 22 22 22 22 22 22 22 22 20 20 20 20 20 20 20 20 20 20
 24 24 24 24 24 24 24 24 24 24 22 22 22 22 22 22 22 22 22 22 22 22 22 22 22 22 22 22 22 22 22 22 22 22 22 22 22 22 22 22 22 22 22 22 22 22 22 22 22 22 20 20 20 20 20 20 20 20 20 20
 24 24 24 24 24 24 24 24 24 24 22 22 22 22 22 22 22 22 22 22 22 22 22 22 22 22 22 22 22 22 22 22 22 22 22 22 22 22 22 22 22 22 22 22 22 22 22 22 22 22 20 20 20 20 20 20 20 20 20 20
 24 24 24 24 24 24 24 24 24 24 22 22 22 22 22 22 22 22 22 22 22 22 22 22 22 22 22 22 22 22 22 22 22 22 22 22 22 22 22 22 22 22 22 22 22 22 22 22 22 22 20 20 20 20 20 20 20 20 20 20
 24 24 24 24 24 24 24 24 24 24 22 22 22 22 22 22 22 22 22 22 22 22 22 22 22 22 22 22 22 22 22 22 22 22 22 22 22 22 22 22 22 22 22 22 22 22 22 22 22 22 20 77 20 20 20 20 20 20 20 20
 24 24 24 24 24 24 24 24 24 24 22 22 22 22 22 22 22 22 22 22 22 22 22 22 22 22 22 22 22 22 22 22 22 22 22 22 22 22 22 22 22 22 22 22 22 22 22 22 22 22 20 20 20 20 20 20 20 20 20 20
 24 24 24 24 24 24 24 24 24 24 22 22 22 22 22 22 22 22 22 22 22 22 22 22 22 22 22 22 22 22 22 22 22 22 22 22 22 22 22 22 22 22 22 22 22 22 22 22 22 22 77 20 20 20 20 20 20 20 20 20
 24 24 24 24 24 24 24 24 24 24 22 22 22 22 22 22 22 22 22 22 22 22 22 22 22 22 22 22 22 22 22 22 22 22 22 22 22 22 22 22 22 22 22 22 22 22 22 22 22 77 20 20 20 20 20 20 20 20 20 20
 24 24 24 24 24 24 24 24 24 24 22 22 22 22 22 22 22 22 22 22 22 22 22 22 22 22 22 22 22 22 22 22 22 22 22 22 22 22 22 22 22 22 22 22 22 22 22 22 22 22 20 20 20 20 20 20 20 20 20 20
 24 24 24 24 24 24 24 24 24 24 22 22 22 22 22 22 22 22 22 22 22 22 22 22 22 22 22 22 22 22 22 22 22 22 22 22 22 22 22 22 22 22 22 22 22 22 22 22 22 22 20 20 20 20 20 20 20 20 20 20
 24 24 24 24 24 24 24 24 24 24 22 22 22 22 22 22 22 22 22 22 22 22 22 22 22 22 22 22 22 22 22 22 22 22 22 22 22 22 22 22 22 22 22 22 22 22 22 22 22 22 20 20 20 20 20 20 20 20 20 20
 24 24 24 24 24 24 24 24 24 24 22 22 22 22 22 22 22 22 22 22 22 22 22 22 22 22 22 22 22 22 22 22 22 22 22 22 22 22 22 22 22 22 22 22 22 22 22 22 22 22 20 20 20 20 20 20 20 20 20 20
 24 24 24 24 24 24 24 24 24 24 22 22 22 22 22 22 22 22 22 22 22 22 22 22 22 22 22 22 22 22 22 22 22 22 22 22 22 22 22 22 22 22 22 22 22 22 22 22 22 22 20 20 20 20 20 20 20 20 20 20
 24 24 24 24 24 24 24 24 24 24 22 22 22 22 22 22 22 22 22 22 22 22 22 22 22 22 22 22 22 22 22 22 22 22 22 22 22 22 22 22 22 22 22 22 22 22 22 22 22 22 20 20 20 20 20 20 20 20 20 20
 24 24 24 24 24 24 24 24 24 24 22 22 22 22 22 22 22 22 22 22 22 22 22 22 22 22 22 22 22 22 22 22 22 22 22 22 22 22 22 22 22 22 22 22 22 22 22 22 22 22 20 20 20 20 20 20 20 20 20 20
 24 24 24 24 24 24 24 24 24 24 22 22 22 22 22 22 22 22 22 22 22 22 22 22 22 22 22 22 22 22 22 22 22 22 22 22 22 22 22 22 22 22 22 22 22 22 22 22 22 22 20 20 20 20 20 20 20 20 20 20
 24 24 24 24 24 24 24 24 24 24 22 22 22 22 22 22 22 22 22 22 22 22 22 22 22 22 22 22 22 22 22 22 22 22 22 22 22 22 22 22 22 22 22 22 22 22 22 22 22 22 20 20 20 20 20 20 20 20 20 20
 24 24 24 24 24 24 24 24 24 24 22 22 22 22 22 22 22 22 22 22 22 22 22 22 22 22 22 22 22 22 22 22 22 22 22 22 22 22 22 22 22 22 22 22 22 22 22 22 22 22 20 20 20 20 20 20 20 20 20 20
 24 24 24 24 24 24 24 24 24 24 22 22 22 22 22 22 22 22 22 22 22 22 22 22 22 22 22 22 22 22 22 22 22 22 22 22 22 22 22 22 22 22 22 22 22 22 22 22 22 22 20 20 20 20 20 20 20 20 20 20
 24 24 24 24 24 24 24 24 24 24 22 22 22 22 22 22 22 22 22 22 22 22 22 22 22 22 22 22 22 22 22 22 22 22 22 22 22 22 22 22 22 22 22 22 22 22 22 22 22 22 20 20 20 20 20 20 20 20 20 20
 24 24 24 24 24 24 24 24 24 24 22 22 22 22 22 22 22 22 22 22 22 22 22 22 22 22 22 22 22 22 22 22 22 22 22 22 22 22 22 22 22 22 22 22 22 22 22 22 22 22 20 20 20 20 20 20 20 20 20 20
 24 24 24 24 24 24 24 24 24 24 22 22 22 22 22 22 22 22 22 22 22 22 22 22 22 22 22 22 22 22 22 22 22 22 22 22 22 22 22 22 22 22 22 22 22 22 22 22 22 22 20 20 20 20 20 20 20 20 20 20
 24 24 24 24 24 24 24 24 24 24 22 22 22 22 22 22 22 22 22 22 22 22 22 22 22 22 22 22 22 22 22 22 22 22 22 22 22 22 22 22 22 22 22 22 22 22 22 22 22 22 20 20 20 20 20 20 20 20 20 20
 24 24 24 24 24 24 24 24 24 24 22 22 22 22 22 22 22 22 22 22 22 22 22 22 22 22 22 22 22 22 22 22 22 22 22 22 22 22 22 22 22 22 22 22 22 22 22 22 22 22 20 20 20 20 20 20 20 20 20 20
 24 24 24 24 24 24 24 24 24 24 22 22 22 22 22 22 22 22 22 22 22 22 22 22 22 22 22 22 22 22 22 22 22 22 22 22 22 22 22 22 22 22 22 22 22 22 22 22 22 22 20 20 20 20 20 20 20 20 20 20
 24 24 24 24 24 24 24 24 24 24 22 22 22 22 22 22 22 22 22 22 22 22 22 22 22 22 22 22 22 22 22 22 22 22 22 22 22 22 22 22 22 22 22 22 22 22 22 22 22 22 20 20 20 20 20 20 20 20 20 20
 24 24 24 24 24 24 24 24 24 24 22 22 22 22 22 22 22 22 22 22 22 22 22 22 22 22 22 22 22 22 22 22 22 22 22 22 22 22 22 22 22 22 22 22 22 22 22 22 22 22 20 20 20 20 20 20 20 20 20 20
 24 24 24 24 24 24 24 24 24 24 22 22 22 22 22 22 22 22 22 22 22 22 22 22 22 22 22 22 22 22 22 22 22 22 22 22 22 22 22 22 22 22 22 22 22 22 22 22 22 22 20 20 20 20 20 20 20 20 20 20
 24 24 24 24 24 24 24 24 24 24 22 22 22 22 22 22 22 22 22 22 22 22 22 22 22 22 22 22 22 22 22 22 22 22 22 22 22 22 22 22 22 22 22 22 22 22 22 22 22 22 20 20 20 20 20 20 20 20 20 20
 24 24 24 24 24 24 24 24 24 24 22 22 22 22 22 22 22 22 22 22 22 22 22 22 22 22 22 22 22 22 22 22 22 22 22 22 22 22 22 22 22 22 22 22 22 22 22 22 22 22 20 20 20 20 20 20 20 20 20 20
 24 24 24 24 24 24 24 24 24 24 22 22 22 22 22 22 22 22 22 22 22 22 22 22 22 22 22 22 22 22 22 22 22 22 22 22 22 22 22 22 22 22 22 22 22 22 22 22 22 22 20 20 20 20 20 20 20 20 20 20
 24 24 24 24 24 24 24 24 24 24 22 22 22 22 22 22 22 22 22 22 22 22 22 22 22 22 22 22 22 22 22 22 22 22 22 22 22 22 22 22 22 22 22 22 22 22 22 22 22 22 20 20 20 20 20 20 20 20 20 20
 24 24 24 24 24 24 24 24 24 24 22 22 22 22 22 22 22 22 22 22 22 22 22 22 22 22 22 22 22 22 22 22 22 22 22 22 22 22 22 22 22 22 22 22 22 22 22 22 22 22 20 20 20 20 20 20 20 20 20 20
 24 24 24 24 24 24 24 24 24 24 22 22 22 22 22 22 22 22 22 22 22 22 22 22 22 22 22 22 22 22 22 22 22 22 22 22 22 22 22 22 22 22 22 22 22 22 22 22 22 22 20 20 20 20 20 20 20 20 20 20
 24 24 24 24 24 24 24 24 24 24 22 22 22 22 22 22 22 22 22 22 22 22 22 22 22 22 22 22 22 22 22 22 22 22 22 22 22 22 22 22 22 22 22 22 22 22 22 22 22 22 20 20 20 20 20 20 20 20 20 20
 24 24 24 24 24 24 24 24 24 24 22 22 22 22 22 22 22 22 22 22 22 22 22 22 22 22 22 22 22 22 22 22 22 22 22 22 22 22 22 22 22 22 22 22 22 22 22 22 22 22 20 20 20 20 20 20 20 20 20 20
 24 24 24 24 24 24 24 24 24 24 22 22 22 22 22 22 22 22 22 22 22 22 22 22 22 22 22 22 22 22 22 22 22 22 22 22 22 22 22 22 22 22 22 22 22 22 22 22 22 22 20 20 20 20 20 20 20 20 20 20
 24 24 24 24 24 24 24 24 24 24 22 22 22 22 22 22 22 22 22 22 22 22 22 22 22 22 22 22 22 22 22 22 22 22 22 22 22 22 22 22 22 22 22 22 22 22 22 22 22 22 20 20 20 20 20 20 20 20 20 20
 24 24 24 24 24 24 24 24 24 24 22 22 22 22 22 22 22 22 22 22 22 22 22 22 22 22 22 22 22 22 22 22 22 22 22 22 22 22 22 22 22 22 22 22 22 22 22 22 22 22 20 20 20 20 20 20 20 20 20 20
 24 24 24 24 24 24 24 24 24 24 22 22 22 22 22 22 22 22 22 22 22 22 22 22 22 22 22 22 22 22 22 22 22 22 22 22 22 22 22 22 22 22 22 22 22 22 22 22 22 22 20 20 20 20 20 20 20 20 20 20
 24 24 24 24 24 24 24 24 24 24 22 22 22 22 22 22 22 22 22 22 22 22 22 22 22 22 22 22 22 22 22 22 22 22 22 22 22 22 22 22 22 22 22 22 22 22 22 22 22 22 20 20 20 20 20 20 20 20 20 20
 24 24 24 24 24 24 24 24 24 24 22 22 22 22 22 22 22 22 22 22 22 22 22 22 22 22 22 22 22 22 22 22 22 22 22 22 22 22 22 22 22 22 22 22 22 22 22 22 22 22 20 20 20 20 20 20 20 20 20 20
 24 24 24 24 24 24 24 24 24 24 22 22 22 22 22 22 22 22 22 22 22 22 22 22 22 22 22 22 22 22 22 22 22 22 22 22 22 22 22 22 22 22 22 22 22 22 22 22 22 22 20 20 20 20 20 20 20 20 20 20
 24 24 24 24 24 24 24 24 24 24 22 22 22 22 22 22 22 22 22 22 22 22 22 22 22 22 22 22 22 22 22 22 22 22 22 22 22 22 22 22 22 22 22 22 22 22 22 22 22 22 20 20 20 20 20 20 20 20 20 20
 24 24 24 24 24 24 24 24 24 24 22 22 22 22 22 22 22 22 22 22 22 22 22 22 22 22 22 22 22 22 22 22 22 22 22 22 22 22 22 22 22 22 22 22 22 22 22 22 22 22 20 20 20 20 20 20 20 20 20 20
 24 24 24 24 24 24 24 24 24 24 22 22 22 22 22 22 22 22 22 22 22 22 22 22 22 22 22 22 22 22 22 22 22 22 22 22 22 22 22 22 22 22 22 22 22 22 22 22 22 22 20 20 20 20 20 20 20 20 20 20
 24 24 24 24 24 24 24 24 24 24 22 22 22 22 22 22 22 22 22 22 22 22 22 22 22 22 22 22 22 22 22 22 22 22 22 22 22 22 22 22 22 22 22 22 22 22 22 22 22 22 20 20 20 20 20 20 20 20 20 20
 24 24 24 24 24 24 24 24 24 24 22 22 22 22 22 22 22 22 22 22 22 22 22 22 22 22 22 22 22 22 22 22 22 22 22 22 22 22 22 22 22 22 22 22 22 22 22 22 22 22 20 20 20 20 20 20 20 20 20 77
 24 24 24 24 24 24 24 24 24 24 22 22 22 22 22 22 22 22 22 22 22 22 22 22 22 22 22 22 22 22 22 22 22 22 22 22 22 22 22 22 22 22 22 22 22 22 22 22 22 22 20 20 20 20 20 20 20 77 77 77
 24 24 24 24 24 24 24 24 24 24 22 22 22 22 22 22 22 22 22 22 22 22 22 22 22 22 22 22 22 22 22 22 22 22 22 22 22 22 22 22 22 22 22 22 22 22 22 22 22 22 20 20 20 20 20 20 77 77 77 77
 24 24 24 24 24 24 24 24 24 24 22 22 22 22 22 22 22 22 22 22 22 22 22 22 22 22 22 22 22 22 22 22 22 22 22 22 22 22 22 22 22 22 22 22 22 22 22 22 22 22 20 20 20 20 20 20 77 77 20 77
 24 24 24 24 24 24 24 24 24 24 22 22 22 22 22 22 22 22 22 22 22 22 22 22 22 22 22 22 22 22 22 22 22 22 22 22 22 22 22 22 22 22 22 22 22 22 22 22 22 22 20 20 20 20 77 77 77 20 77 77
 24 24 24 24 24 24 24 24 24 24 22 22 22 22 22 22 22 22 22 22 22 22 22 22 22 22 22 22 22 22 22 22 22 22 22 22 22 22 22 22 22 22 22 22 22 22 22 22 22 22 20 20 20 77 77 20 20 77 77 77
 24 24 24 24 24 24 24 24 24 24 22 22 22 22 22 22 22 22 22 22 22 22 22 22 22 22 22 22 22 22 22 22 22 22 22 22 22 22 22 22 22 22 22 22 22 22 22 22 22 22 20 20 20 77 20 77 77 77 77 77
 24 24 24 24 24 24 24 24 24 24 22 22 22 22 22 22 22 22 22 22 22 22 22 22 22 22 22 22 22 22 22 22 22 22 22 22 22 22 22 22 22 22 22 22 22 22 22 22 22 22 20 20 20 20 20 77 77 77 77 77
 24 24 24 24 24 24 24 24 24 24 22 22 22 22 22 22 22 22 22 22 22 22 22 22 22 22 22 22 22 22 22 22 22 22 22 22 22 22 22 22 22 22 22 22 22 22 22 22 22 22 20 20 20 20 77 77 77 77 77 77
 24 24 24 24 24 24 24 24 24 24 22 22 22 22 22 22 22 22 22 22 22 22 22 22 22 22 22 22 22 22 22 22 22 22 22 22 22 22 22 22 22 22 22 22 22 22 22 22 22 22 20 20 20 77 77 77 77 77 77 77
 24 24 24 24 24 24 24 24 24 24 22 22 22 22 22 22 22 22 22 22 22 22 22 22 22 22 22 22 22 22 22 22 22 22 22 22 22 22 22 22 22 22 22 22 22 22 22 22 22 77 77 77 77 77 77 77 77 77 77 77
 24 24 24 24 24 24 24 24 24 24 22 22 22 22 22 22 22 22 22 22 22 22 22 22 22 22 22 22 22 22 22 22 22 22 22 22 22 22 22 22 22 22 22 22 22 22 22 22 22 77 77 77 77 77 77 77 77 77 77 77
 24 24 24 24 24 24 24 24 24 24 22 22 22 22 22 22 22 22 22 22 22 22 22 22 22 22 22 22 22 22 22 22 22 22 22 22 22 22 22 22 22 22 22 22 22 22 22 22 77 77 77 77 77 77 77 77 77 77 77 77
 24 24 24 24 24 24 24 24 24 24 22 22 22 22 22 22 22 22 22 22 22 22 22 22 22 22 22 22 22 22 22 22 22 22 22 22 22 22 22 22 22 22 22 22 22 22 22 22 77 77 77 77 77 77 77 77 77 77 77 77
 24 24 24 24 24 24 24 24 24 24 22 22 22 22 22 22 22 22 22 22 22 22 22 22 22 22 22 22 22 22 22 22 22 22 22 22 22 22 22 22 22 22 22 22 22 22 22 77 77 77 77 77 77 77 77 77 77 77 77 77
 24 24 24 24 24 24 24 24 24 24 22 22 22 22 22 22 22 22 22 22 22 22 22 22 22 22 22 22 22 22 22 22 22 22 22 22 22 22 22 22 22 22 22 22 22 22 22 77 77 77 77 77 77 77 77 77 77 77 77 77
 24 24 24 24 24 24 24 24 24 24 22 22 22 22 22 22 22 22 22 22 22 22 22 22 22 22 22 22 22 22 22 22 22 22 22 22 22 22 22 22 22 22 22 22 22 22 77 77 77 77 77 77 77 77 77 77 77 77 77 77
 24 24 24 24 24 24 24 24 24 24 22 22 22 22 22 22 22 22 22 22 22 22 22 22 22 22 22 22 22 22 22 22 22 22 22 22 22 22 22 22 22 22 22 22 22 22 77 77 77 77 77 77 77 77 77 77 77 77 77 77
 24 24 24 24 24 24 24 24 24 24 22 22 22 22 22 22 22 22 22 22 22 22 22 22 22 22 22 22 22 22 22 22 22 22 22 22 22 22 22 22 22 22 22 22 22 77 77 77 77 77 77 77 77 77 77 77 77 77 77 77
 24 24 24 24 24 24 24 24 24 24 22 22 22 22 22 22 22 22 22 22 22 22 22 22 22 22 22 22 22 22 22 22 22 22 22 22 22 22 22 22 22 22 22 22 22 77 77 77 77 77 11 11 11 11 11 11 11 11 77 77
 24 24 24 24 24 24 24 24 24 24 22 22 22 22 22 22 22 22 22 22 22 22 22 22 22 22 22 22 22 22 22 22 22 22 22 22 22 22 22 22 22 22 22 22 22 22 77 77 77 11 11 11 11 11 11 11 11 11 77 77
 24 24 24 24 24 24 24 24 24 24 22 22 22 22 22 22 22 22 22 22 22 22 22 22 22 22 22 22 22 22 22 22 22 22 22 22 22 22 22 22 22 22 22 22 22 22 77 77 77 11 11 11 11 11 11 11 11 11 11 77
 24 24 24 24 24 24 24 24 24 24 22 22 22 22 22 22 22 22 22 22 22 22 22 22 22 22 22 22 22 22 22 22 22 22 22 22 22 22 22 22 22 22 22 22 22 77 77 77 77 11 11 11 11 11 11 11 11 11 11 77
 24 24 24 24 24 24 24 24 24 24 22 22 22 22 22 22 22 22 22 22 22 22 22 22 22 22 22 22 22 22 22 22 22 22 22 22 22 22 22 22 22 22 22 22 77 77 77 77 77 11 11 11 11 11 11 11 11 11 11 77
 24 24 24 24 24 24 24 24 24 24 22 22 22 22 22 22 22 22 22 22 22 22 22 22 22 22 22 22 22 77 22 22 22 22 22 22 22 22 22 22 22 22 22 22 77 77 77 77 77 11 11 11 11 11 11 11 11 11 11 77
 24 24 24 24 24 24 24 24 24 24 22 22 22 22 22 22 22 22 22 22 22 22 22 22 22 22 22 22 22 22 22 22 22 22 22 22 22 22 22 22 22 22 22 77 77 77 77 77 77 77 77 11 11 11 11 11 11 11 11 77
 24 24 24 24 24 24 24 24 24 24 22 22 22 22 22 22 22 22 22 22 22 22 22 22 22 22 22 22 22 22 22 22 22 22 22 22 22 22 22 22 22 22 22 77 77 77 77 77 77 77 77 11 11 11 11 11 11 11 11 77
 24 24 24 24 24 24 24 24 24 24 22 22 22 22 22 22 22 22 22 22 22 22 22 22 22 22 22 22 22 22 22 22 22 22 22 22 22 22 22 22 22 22 22 77 77 77 77 77 77 77 77 11 11 11 11 11 11 11 11 11
 24 24 24 24 24 24 24 24 24 24 22 22 22 22 22 22 22 22 22 22 22 22 22 22 22 22 22 22 22 22 22 22 22 22 22 22 22 22 22 22 22 22 77 77 77 77 11 11 11 11 77 11 11 11 11 11 11 11 11 11
 24 24 24 24 24 24 24 24 24 24 22 22 22 22 22 22 22 22 22 22 22 22 22 22 22 22 22 22 22 22 22 22 22 22 22 22 22 22 22 22 22 77 77 77 77 77 11 11 11 11 11 11 11 11 11 11 11 11 11 11
 24 24 24 24 24 24 24 24 24 24 22 22 22 22 22 22 22 22 22 22 22 22 22 22 22 22 22 22 22 22 22 22 22 22 22 22 22 22 22 77 77 77 77 77 77 77 11 11 11 11 11 11 11 11 11 11 11 11 11 77
 24 24 24 24 24 24 24 24 24 24 22 22 22 22 22 22 22 22 22 22 22 22 22 22 22 22 22 22 22 22 22 22 22 22 22 22 22 22 22 77 77 77 77 77 77 77 11 11 11 11 11 11 77 11 11 11 11 11 11 77
 24 24 24 24 24 24 24 24 24 24 22 22 22 22 22 22 22 22 22 22 22 22 22 22 22 22 22 22 22 22 22 22 22 22 22 22 22 22 77 77 77 77 77 77 77 11 11 11 11 11 11 11 77 11 11 11 11 11 11 77
 24 24 24 24 24 24 24 24 24 24 22 22 22 22 22 22 22 22 22 22 22 22 22 22 22 22 22 22 22 22 22 22 22 22 22 22 22 22 77 77 11 11 11 11 11 11 11 11 11 11 11 11 77 77 11 11 77 77 77 77
 24 24 24 24 24 24 24 24 24 24 22 22 22 22 22 22 22 22 22 22 22 22 22 22 22 77 22 22 22 22 22 22 22 22 22 22 22 77 77 11 11 11 11 11 11 11 11 11 11 11 11 11 77 11 11 77 77 77 77 77
 24 24 24 24 24 24 24 24 24 24 22 22 22 22 22 22 22 22 22 22 22 22 22 77 77 77 77 77 77 77 22 22 22 22 22 22 22 77 77 77 11 11 11 11 11 11 11 11 11 11 11 11 77 11 11 77 77 77 77 10
 24 24 24 24 24 24 24 24 24 24 22 22 22 22 22 22 22 22 22 22 22 22 77 77 77 77 77 77 77 77 77 22 22 22 22 22 22 77 77 77 11 11 11 11 11 11 11 11 11 11 11 77 77 11 11 10 10 10 10 10
 24 24 24 24 24 24 24 24 24 24 22 22 22 22 22 22 22 22 22 22 77 77 77 77 77 77 77 77 77 77 77 77 77 22 22 22 22 77 77 77 11 11 11 11 11 11 11 11 11 11 11 77 10 10 10 10 10 10 10 10
 24 24 24 24 24 24 24 24 24 24 22 22 22 22 22 22 22 22 77 77 77 77 77 77 77 77 77 77 77 77 77 77 77 77 77 77 77 77 77 11 11 11 11 11 11 11 11 77 77 77 77 77 10 10 10 10 10 10 10 10
 24 24 24 24 24 24 24 24 24 24 22 22 22 22 22 22 77 77 77 77 77 77 77 77 77 77 77 77 77 77 77 77 77 77 77 77 77 77 77 11 11 11 11 11 11 11 11 77 77 77 77 77 10 10 10 10 10 10 10 10
 24 24 24 24 24 24 24 24 24 24 22 22 22 22 77 77 77 77 77 77 77 77 77 77 77 77 77 77 77 77 77 77 77 77 77 77 77 77 77 77 77 11 11 11 11 11 11 11 11 11 77 10 10 10 10 10 10 10 10 10
 24 24 24 24 24 24 24 24 24 24 22 22 22 22 77 77 77 77 77 77 77 77 77 77 77 77 77 77 77 77 77 77 77 77 77 77 77 77 77 77 77 11 11 11 11 11 11 11 77 11 77 10 10 10 10 10 10 10 10 10
 24 24 24 24 24 24 24 24 24 24 22 22 22 77 77 77 77 77 77 77 77 77 77 77 77 77 77 77 77 77 77 77 77 77 77 77 77 77 77 77 77 77 11 11 11 11 11 11 77 77 10 10 10 10 10 10 10 10 10 10
 24 24 24 24 24 24 24 24 24 24 22 22 22 77 77 77 77 77 77 77 77 77 77 77 77 77 77 77 77 77 77 77 77 77 77 77 77 77 77 77 77 77 11 11 11 11 11 11 77 77 10 10 10 10 10 10 10 10 10 10
 77 77 24 24 24 24 24 24 24 24 22 22 77 77 77 77 77 77 77 77 77 77 77 77 77 77 77 77 77 77 77 77 77 77 77 77 77 77 77 77 77 77 77 11 11 11 11 77 77 77 10 10 10 10 10 10 10 10 10 10
 77 77 77 77 77 77 77 77 77 77 77 77 77 77 77 77 77 77 77 77 77 77 77 77 77 77 77 77 77 77 77 77 77 77 77 77 77 77 77 77 77 77 11 11 11 11 11 11 77 77 10 10 10 10 10 10 10 10 10 10
 77 77 77 77 77 77 77 77 77 77 77 77 77 77 77 77 77 77 77 77 77 77 77 77 77 77 77 77 77 77 77 77 77 77 77 77 77 77 77 77 77 77 11 11 11 11 11 11 77 77 10 10 10 10 10 10 10 10 10 10
 77 77 77 77 77 77 77 77 77 77 77 77 77 77 77 77 77 77 77 77 77 77 77 77 77 77 77 77 77 77 77 77 77 77 77 77 77 77 77 77 77 77 11 11 11 11 11 11 77 11 10 10 10 10 10 10 10 10 10 10
 77 77 77 77 77 77 77 77 77 77 77 77 77 77 77 77 77 77 77 77 77 77 77 77 77 77 77 77 77 77 77 77 77 77 77 77 77 77 77 77 77 11 11 11 11 11 11 11 77 11 10 10 10 10 10 10 10 10 10 10
 77 77 77 77 77 77 77 77 77 77 77 77 77 77 77 77 77 77 77 77 77 77 77 77 77 77 77 77 77 77 77 77 77 77 77 77 77 77 77 77 77 11 11 11 11 11 11 11 77 11 10 10 10 10 10 10 10 10 10 10
 77 77 77 77 77 77 77 77 77 77 77 77 77 77 77 77 77 77 77 77 77 77 77 77 77 77 77 77 77 77 77 77 77 77 77 77 77 77 77 77 77 11 11 11 11 11 11 11 77 11 10 10 10 10 10 10 10 10 10 10
 77 77 77 77 77 77 77 77 77 77 77 77 77 77 77 77 77 77 77 77 77 77 77 77 77 77 77 77 77 77 77 77 77 77 77 77 77 77 77 77 77 11 11 11 11 11 11 11 11 11 10 10 10 10 10 10 10 10 10 10
 77 77 77 77 77 77 77 77 77 77 77 77 77 77 77 77 77 77 77 77 77 77 77 77 77 77 77 77 77 77 77 77 77 77 77 77 77 77 77 77 77 11 11 11 11 11 11 11 11 11 10 10 10 10 10 10 10 10 10 10
 77 77 77 77 77 77 77 77 77 77 77 77 77 77 77 77 77 77 77 77 77 77 77 77 77 77 77 77 77 77 77 77 77 77 77 77 77 77 77 77 77 11 11 11 11 11 11 11 11 11 10 10 10 10 10 10 10 10 10 10
 77 77 77 77 77 77 77 77 77 77 77 77 77 77 77 77 77 77 77 77 77 77 77 77 77 77 77 77 77 77 77 77 77 77 77 77 77 77 77 77 77 11 11 11 11 11 11 11 11 11 10 10 10 10 10 10 10 10 10 10
 77 77 77 77 77 77 77 77 77 77 77 77 77 77 77 77 77 77 77 77 77 77 77 77 77 77 77 77 77 77 77 77 77 77 77 77 77 77 77 11 11 11 11 11 11 11 11 11 11 11 10 10 10 10 10 10 10 10 10 10
 77 77 77 77 77 77 77 77 77 77 77 77 77 77 77 77 77 77 77 77 77 77 77 77 77 77 77 77 77 77 77 77 77 77 77 77 77 77 77 11 11 11 11 11 11 11 11 11 11 11 10 10 10 10 10 10 10 10 10 10
 77 77 77 77 77 77 77 77 77 77 77 77 77 77 77 77 77 77 77 77 77 77 77 77 77 77 77 77 77 77 77 77 77 77 77 77 77 77 11 11 11 11 11 11 11 11 11 11 11 11 10 10 10 10 10 10 10 10 10 10
 77 77 77 77 77 77 77 77 77 77 77 77 77 77 77 77 77 77 77 77 77 77 77 77 77 77 77 77 77 77 77 77 77 77 77 77 77 11 11 11 11 11 11 11 11 11 11 11 11 11 10 10 10 10 10 10 10 10 10 10
 77 77 77 77 77 77 77 77 77 77 77 77 77 77 77 77 77 77 77 77 77 77 77 77 77 77 77 77 77 77 77 77 77 77 77 77 11 11 11 11 11 11 11 11 11 11 11 11 11 11 10 10 10 10 10 10 10 10 10 10
 77 77 77 77 77 77 77 77 77 77 77 77 77 77 77 77 77 77 77 77 77 77 77 77 77 77 77 77 77 77 77 77 77 77 77 77 11 11 11 11 11 11 11 11 11 11 11 11 11 11 10 10 10 10 10 10 10 10 10 10
 77 77 77 77 77 77 77 77 77 77 77 77 77 77 77 77 77 77 77 77 77 77 77 77 77 77 77 77 77 77 77 77 77 77 77 77 11 11 11 11 11 11 11 11 11 11 11 11 11 11 10 10 10 10 10 10 10 10 10 10
 77 77 77 77 77 77 77 77 77 77 77 77 77 77 77 77 77 77 77 77 77 77 77 77 77 77 77 77 77 77 77 77 77 77 77 77 11 11 11 11 11 11 11 11 11 11 11 11 11 11 10 10 10 10 10 10 10 10 10 10
 77 77 77 77 77 77 77 77 77 77 77 77 77 77 77 77 77 77 77 77 77 77 77 77 77 77 77 77 77 77 77 77 77 77 77 11 11 11 11 11 11 11 11 11 11 11 11 11 11 11 10 10 10 10 10 10 10 10 10 10
 77 77 77 77 77 77 77 77 77 77 77 77 77 77 77 77 77 77 77 77 77 77 77 77 77 77 77 77 77 77 77 77 77 77 77 11 11 11 11 11 11 11 11 11 11 11 11 11 11 11 10 10 10 10 10 10 10 10 10 10
 77 77 77 77 77 77 77 77 77 77 77 77 77 77 77 77 77 77 77 77 77 77 77 77 77 77 77 77 77 11 77 77 11 11 11 11 11 11 11 11 11 11 11 11 11 11 11 11 11 11 10 10 10 10 10 10 10 10 10 10
 77 77 77 77 77 77 77 77 77 77 77 77 77 77 77 77 77 77 77 77 77 77 77 77 77 77 77 77 11 77 11 11 11 11 11 11 11 11 11 11 11 11 11 11 11 11 11 11 11 11 10 10 10 10 10 10 10 10 10 10
 14 77 77 77 77 77 77 77 77 77 77 77 77 77 77 77 77 77 77 77 77 77 77 77 77 77 77 77 77 77 11 11 11 11 11 11 11 11 11 11 11 11 11 11 11 11 11 11 11 11 10 10 10 10 10 10 10 10 10 10
 14 14 14 14 14 77 77 77 77 77 77 77 77 77 77 77 77 77 77 77 77 77 77 77 77 77 77 77 77 77 11 11 11 11 11 11 11 11 11 11 11 11 11 11 11 11 11 11 11 11 10 10 10 10 10 10 10 10 10 10
 14 14 14 14 14 77 77 77 77 77 77 77 77 77 77 77 77 77 77 77 77 77 77 77 77 77 77 77 77 11 11 11 11 11 11 11 11 11 11 11 11 11 11 11 11 11 11 11 11 11 10 10 10 10 10 10 10 10 10 10
 14 14 14 14 14 14 77 77 77 77 77 77 77 77 77 77 77 77 77 77 77 77 77 77 77 77 77 77 77 11 11 11 11 11 11 11 11 11 11 11 11 11 11 11 11 11 11 11 11 11 10 10 10 10 10 10 10 10 10 10
 14 14 14 14 14 14 77 77 77 77 77 77 77 77 77 77 77 77 77 77 77 77 77 77 77 77 77 77 11 11 11 11 11 11 11 11 11 11 11 11 11 11 11 11 11 11 11 11 11 11 10 10 10 10 10 10 10 10 10 10
 14 14 14 14 14 14 14 77 77 77 77 77 77 77 77 77 77 77 77 77 77 77 77 77 77 77 77 77 11 11 11 11 11 11 11 11 11 11 11 11 11 11 11 11 11 11 11 11 11 11 10 10 10 10 10 10 10 10 10 10
 14 14 14 14 14 14 14 77 77 77 77 77 77 77 77 77 77 77 77 77 77 77 77 77 77 77 77 77 11 11 11 11 11 11 11 11 11 11 11 11 11 11 11 11 11 11 11 11 11 11 10 10 10 10 10 10 10 10 10 10
 14 14 14 14 14 14 14 77 77 77 77 77 77 77 77 77 77 77 77 77 77 77 77 77 77 77 77 77 11 11 11 11 11 11 11 11 11 11 11 11 11 11 11 11 11 11 11 11 11 11 10 10 10 10 10 10 10 10 10 10
 14 14 14 14 14 14 14 14 14 77 77 77 77 77 77 77 77 77 77 77 77 77 77 77 77 77 77 77 11 11 11 11 11 11 11 11 11 11 11 11 11 11 11 11 11 11 11 11 11 11 10 10 10 10 10 10 10 10 10 10
 14 14 14 14 14 14 14 14 14 14 11 77 77 77 77 77 77 77 77 77 77 77 77 77 77 77 77 11 11 11 11 11 11 11 11 11 11 11 11 11 11 11 11 11 11 11 11 11 11 11 10 10 10 10 10 10 10 10 10 10
 14 14 14 14 14 14 14 14 14 14 11 11 11 11 11 11 11 77 77 77 77 77 77 77 77 77 77 11 11 11 11 11 11 11 11 11 11 11 11 11 11 11 11 11 11 11 11 11 11 11 10 10 10 10 10 10 10 10 10 10
 14 14 14 14 14 14 14 14 14 14 11 11 11 11 11 11 11 11 77 77 77 77 77 77 77 77 11 11 11 11 11 11 11 11 11 11 11 11 11 11 11 11 11 11 11 11 11 11 11 11 10 10 10 10 10 10 10 10 10 10
 14 14 14 14 14 14 14 14 14 14 11 11 11 11 11 11 11 11 11 77 77 77 77 77 77 11 11 11 11 11 11 11 11 11 11 11 11 11 11 11 11 11 11 11 11 11 11 11 11 11 10 10 10 10 10 10 10 10 10 10
 14 14 14 14 14 14 14 14 14 14 11 11 11 11 11 11 11 11 11 11 77 77 77 77 77 11 11 11 11 11 11 11 11 11 11 11 11 11 11 11 11 11 11 11 11 11 11 11 11 11 10 10 10 10 10 10 10 10 10 10
 14 14 14 14 14 14 14 14 14 14 11 11 11 11 11 11 11 11 11 11 11 11 77 11 11 11 11 11 11 11 11 11 11 11 11 11 11 11 11 11 11 11 11 11 11 11 11 11 11 11 10 10 10 10 10 10 10 10 10 10
 14 14 14 14 14 14 14 14 14 14 11 11 11 11 11 11 11 11 11 11 11 11 11 11 11 11 11 11 11 11 11 11 11 11 11 11 11 11 11 11 11 11 11 11 11 11 11 11 11 11 10 10 10 10 10 10 10 10 10 10
 14 14 14 14 14 14 14 14 14 14 11 11 11 11 11 11 11 11 11 11 11 11 11 11 11 11 11 11 11 11 11 11 11 11 11 11 11 11 11 11 11 11 11 11 11 11 11 11 11 11 10 10 10 10 10 10 10 10 10 10
 14 14 14 14 14 14 14 14 14 14 11 11 11 11 11 11 11 11 11 11 11 11 11 11 11 11 11 11 11 11 11 11 11 11 11 11 11 11 11 11 11 11 11 11 11 11 11 11 11 11 10 10 10 10 10 10 10 10 10 10
 14 14 14 14 14 14 14 14 14 14 11 11 11 11 11 11 11 11 11 11 11 11 11 11 11 11 11 11 11 11 11 11 11 11 11 11 11 11 11 11 11 11 11 11 11 11 11 11 11 11 10 10 10 10 10 10 10 10 10 10
 14 14 14 14 14 14 14 14 14 14 11 11 11 11 11 11 11 11 11 11 11 11 11 11 11 11 11 11 11 11 11 11 11 11 11 11 11 11 11 11 11 11 11 11 11 11 11 11 11 11 10 10 10 10 10 10 10 10 10 10
 14 14 14 14 14 14 14 14 14 14 11 11 11 11 11 11 11 11 11 11 11 11 11 11 11 11 11 11 11 11 11 11 11 11 11 11 11 11 11 11 11 11 11 11 11 11 11 11 11 11 10 10 10 10 10 10 10 10 10 10
 14 14 14 14 14 14 14 14 14 14 11 11 11 11 11 11 11 11 11 11 11 11 11 11 11 11 11 11 11 11 11 11 11 11 11 11 11 11 11 11 11 11 11 11 11 11 11 11 11 11 10 10 10 10 10 10 10 10 10 10
 14 14 14 14 14 14 14 14 14 14 11 11 11 11 11 11 11 11 11 11 11 11 11 11 11 11 11 11 11 11 11 11 11 11 11 11 11 11 11 11 11 11 11 11 11 11 11 11 11 11 10 10 10 10 10 10 10 10 10 10
 14 14 14 14 14 14 14 14 14 14 11 11 11 11 11 11 11 11 11 11 11 11 11 11 11 11 11 11 11 11 11 11 11 11 11 11 11 11 11 11 11 11 11 11 11 11 11 11 11 11 10 10 10 10 10 10 10 10 10 10
 14 14 14 14 14 14 14 14 14 14 11 11 11 11 11 11 11 11 11 11 11 11 11 11 11 11 11 11 11 11 11 11 11 11 11 11 11 11 11 11 11 11 11 11 11 11 11 11 11 11 10 10 10 10 10 10 10 10 10 10
 14 14 14 14 14 14 14 14 14 14 11 11 11 11 11 11 11 11 11 11 11 11 11 11 11 11 11 11 11 11 11 11 11 11 11 11 11 11 11 11 11 11 11 11 11 11 11 11 11 11 10 10 10 10 10 10 10 10 10 10
 14 14 14 14 14 14 14 14 14 14 11 11 11 11 11 11 11 11 11 11 11 11 11 11 11 11 11 11 11 11 11 11 11 11 11 11 11 11 11 11 11 11 11 11 11 11 11 11 11 11 10 10 10 10 10 10 10 10 10 10
 14 14 14 14 14 14 14 14 14 14 11 11 11 11 11 11 11 11 11 11 11 11 11 11 11 11 11 11 11 11 11 11 11 11 11 11 11 11 11 11 11 11 11 11 11 11 11 11 11 11 10 10 10 10 10 10 10 10 10 10
 14 14 14 14 14 14 14 14 14 14 11 11 11 11 11 11 11 11 11 11 11 11 11 11 11 11 11 11 11 11 11 11 11 11 11 11 11 11 11 11 11 11 11 11 11 11 11 11 11 11 10 10 10 10 10 10 10 10 10 10
 14 14 14 14 14 14 14 14 14 14 11 11 11 11 11 11 11 11 11 11 11 11 11 11 11 11 11 11 11 11 11 11 11 11 11 11 11 11 11 11 11 11 11 11 11 11 11 11 11 11 10 10 10 10 10 10 10 10 10 10
 14 14 14 14 14 14 14 14 14 14 11 11 11 11 11 11 11 11 11 11 11 11 11 11 11 11 11 11 11 11 11 11 11 11 11 11 11 11 11 11 11 11 11 11 11 11 11 11 11 11 10 10 10 10 10 10 10 10 10 10
 14 14 14 14 14 14 14 14 14 14 11 11 11 11 11 11 11 11 11 11 11 11 11 11 11 11 11 11 11 11 11 11 11 11 11 11 11 11 11 11 11 11 11 11 77 11 11 11 11 11 10 10 10 10 10 10 10 10 10 10
 14 14 14 14 14 14 14 14 14 14 11 11 11 11 11 11 11 11 11 11 11 11 11 11 11 11 11 11 11 11 11 11 11 11 11 11 11 11 11 11 11 11 77 77 77 77 77 77 11 77 77 77 77 10 10 10 10 10 77 10
 14 14 14 14 14 14 14 14 14 14 11 11 11 11 11 11 11 11 11 11 11 11 11 11 11 11 11 11 11 11 11 11 11 11 11 11 11 11 11 11 11 77 77 77 77 77 77 77 77 77 77 77 77 77 77 10 10 10 10 10
 14 14 14 14 14 14 14 14 14 14 11 11 11 11 11 11 11 11 11 11 11 11 11 11 11 11 11 11 11 11 11 11 11 11 11 11 11 11 11 11 77 77 77 77 77 77 77 77 77 77 77 77 77 77 77 77 77 10 10 10
 14 14 14 14 14 14 14 14 14 14 11 11 11 11 11 11 11 11 11 11 11 11 11 11 11 11 11 11 11 11 11 11 11 11 11 11 11 11 77 77 77 77 77 77 77 77 77 77 77 77 77 77 77 77 77 77 77 77 10 10
 14 14 14 14 14 14 14 14 14 14 11 11 11 11 11 11 11 11 11 11 11 11 11 11 11 11 11 11 11 11 11 11 11 11 11 11 11 77 77 77 77 77 77 77 77 77 77 77 77 77 77 77 77 77 77 77 77 77 10 10
 14 14 14 14 14 14 14 14 14 14 11 11 11 11 11 11 11 11 11 11 11 11 11 11 11 11 11 11 11 11 11 11 11 11 11 11 77 77 77 77 77 77 77 77 77 77 77 77 77 77 77 77 77 77 77 77 77 77 77 10
 14 14 14 14 14 14 14 14 14 14 11 11 11 11 11 11 11 11 11 11 11 11 11 11 11 11 11 11 11 11 11 11 11 11 11 11 77 77 77 77 77 77 77 77 77 77 77 77 77 77 77 77 77 77 77 77 77 77 77 77
 14 14 14 14 14 14 14 14 14 14 11 11 11 11 11 11 11 11 11 11 11 11 11 11 11 11 11 11 11 11 11 11 11 11 11 77 77 77 77 77 77 77 77 77 77 77 77 77 77 77 77 77 77 77 77 77 77 77 77 77
 14 14 14 14 14 14 14 14 14 14 11 11 11 11 11 11 11 11 11 11 11 11 11 11 11 11 11 11 11 11 11 11 11 11 77 77 77 77 77 77 77 77 77 77 77 77 77 77 77 77 77 77 77 77 77 77 77 77 77 77
 14 14 14 14 14 14 14 14 14 14 11 11 11 11 11 11 11 11 11 11 11 11 11 11 11 11 11 11 11 11 11 11 11 11 77 77 77 77 77 77 77 77 77 77 77 77 77 77 77 77 77 77 77 77 77 77 77 77 77 77
 14 14 14 14 14 14 14 14 14 14 11 11 11 11 11 11 11 11 11 11 11 11 11 11 11 11 11 11 11 11 11 11 11 11 77 77 77 77 77 77 77 77 77 77 77 77 77 77 77 77 77 77 77 77 77 77 77 77 77 77
 14 14 14 14 14 14 14 14 14 14 11 11 11 11 11 11 11 11 11 11 11 11 11 11 11 11 11 11 11 11 11 11 11 11 11 77 77 77 77 77 77 77 77 77 77 77 77 77 77 77 77 77 77 77 77 77 77 77 77 77
 14 14 14 14 14 14 14 14 14 14 11 11 11 11 11 11 11 11 11 11 11 11 11 11 11 11 11 11 11 11 11 11 11 11 11 77 77 77 77 77 77 77 77 77 77 77 77 77 77 77 77 77 77 77 77 77 77 77 77 77
 14 14 14 14 14 14 14 14 14 14 11 11 11 11 11 11 11 11 11 11 11 11 11 11 11 11 11 11 11 11 11 11 11 11 11 77 77 77 77 77 77 77 77 77 77 77 77 77 77 77 77 77 77 77 77 77 77 77 77 77
 14 14 14 14 14 14 14 14 14 14 11 11 11 11 11 11 11 11 11 11 11 11 11 11 11 11 11 11 11 11 11 11 11 11 77 77 77 77 77 77 77 77 77 77 77 77 77 77 77 77 77 77 77 77 77 77 77 77 77 77
 14 14 14 14 14 14 14 14 14 14 11 11 11 11 11 11 11 11 11 11 11 11 11 11 11 11 11 11 11 11 11 11 11 11 11 77 77 77 77 77 77 77 77 77 77 77 77 77 77 77 77 77 77 77 77 77 77 77 77 77
 14 14 14 14 14 14 14 14 14 14 11 11 11 11 11 11 11 11 11 11 11 11 11 11 11 11 11 11 11 11 11 11 11 11 11 77 77 77 77 77 77 77 77 77 77 77 77 77 77 77 77 77 77 77 77 77 77 77 77 77
 14 14 14 14 14 14 14 14 14 14 11 11 11 11 11 11 11 11 11 11 11 11 11 11 11 11 11 11 11 11 11 11 11 11 11 77 77 77 77 77 77 77 77 77 77 77 77 77 77 77 77 77 77 77 77 77 77 77 77 77
 14 14 14 14 14 14 14 14 14 14 11 11 11 11 11 11 11 11 11 11 11 11 11 11 11 11 11 11 11 11 11 11 11 11 11 11 77 77 77 77 77 77 77 77 77 77 77 77 77 77 77 77 77 77 77 77 77 77 77 77
 14 14 14 14 14 14 14 14 14 14 11 11 11 11 11 11 11 11 11 11 11 11 11 11 11 11 11 11 11 11 11 11 11 11 11 11 77 77 77 77 77 77 77 77 77 77 77 77 77 77 77 77 77 77 77 77 77 77 77 77
 14 14 14 14 14 14 14 14 14 14 11 11 11 11 11 11 11 11 11 11 11 11 11 11 11 11 11 11 11 11 11 11 11 11 11 11 77 77 77 77 77 77 77 77 77 77 77 77 77 77 77 77 77 77 77 77 77 77 77 77
 14 14 14 14 14 14 14 14 14 14 11 11 11 11 11 11 11 11 11 11 11 11 11 11 11 11 11 11 11 11 11 11 11 11 11 11 77 77 77 77 77 77 77 77 77 77 77 77 77 77 77 77 77 77 77 77 77 77 77 77
 14 14 14 14 14 14 14 14 14 14 11 11 11 11 11 11 11 11 11 11 11 11 11 11 11 11 11 11 11 11 11 11 11 11 77 77 77 77 77 77 77 77 77 77 77 77 77 77 77 77 77 77 77 77 77 77 77 77 77 77
 14 14 14 14 14 14 14 14 14 14 11 11 11 11 11 11 11 11 11 11 11 11 11 11 11 11 11 11 11 11 11 11 11 11 77 77 77 77 77 77 77 77 77 77 77 77 77 77 77 77 77 77 77 77 77 77 77 77 77 77
 14 14 14 14 14 14 14 14 14 14 11 11 11 11 11 11 11 11 11 11 11 11 11 11 11 11 11 11 11 11 11 11 11 11 77 77 77 77 77 77 77 77 77 77 77 77 77 77 77 77 77 77 77 77 77 77 77 77 77 77
 14 14 14 14 14 14 14 14 14 14 11 11 11 11 11 11 11 11 11 11 11 11 11 11 11 11 11 11 11 11 11 11 11 77 77 77 77 77 77 77 77 77 77 77 77 77 77 77 77 77 77 77 77 77 77 77 77 77 77 77
 14 14 14 14 14 14 14 14 14 14 11 11 11 11 11 11 11 11 11 11 11 11 11 11 11 11 11 77 77 77 77 77 77 77 77 77 77 77 77 77 77 77 77 77 77 77 77 77 77 77 77 77 77 77 77 77 77 77 77 77
 14 14 14 14 14 14 14 14 14 14 11 11 11 11 11 11 11 11 11 11 11 11 11 11 11 11 77 77 77 77 77 77 77 77 77 77 77 77 77 77 77 77 77 77 77 77 77 77 77 77 77 77 77 77 77 77 77 77 77 77
 14 14 14 14 14 14 14 14 14 14 11 11 77 77 11 11 11 11 11 11 11 11 11 11 11 77 77 77 77 77 77 77 77 77 77 77 77 77 77 77 77 77 77 77 77 77 77 77 77 77 77 77 77 77 77 77 77 77 77 77
 14 14 14 14 14 14 14 14 14 14 77 77 77 77 77 77 77 11 11 11 11 11 77 77 77 77 77 77 77 77 77 77 77 77 77 77 77 77 77 77 77 77 77 77 77 77 77 77 77 77 77 77 77 77 77 77 77 77 77 77
 14 14 14 14 14 14 14 14 77 77 77 77 77 77 77 77 77 77 77 77 77 77 77 77 77 77 77 77 77 77 77 77 77 77 77 77 77 77 77 77 77 77 77 77 77 77 77 77 77 77 77 77 77 77 77 77 77 77 77 77
 14 14 14 14 77 77 77 77 77 77 77 77 77 77 77 77 77 77 77 77 77 77 77 77 77 77 77 77 77 77 77 77 77 77 77 77 77 77 77 77 77 77 77 77 77 77 77 77 77 77 77 77 77 77 77 77 77 77 77 77
 14 14 77 77 77 77 77 77 77 77 77 77 77 77 77 77 77 77 77 77 77 77 77 77 77 77 77 77 77 77 77 77 77 77 77 77 77 77 77 77 77 77 77 77 77 77 77 77 77 77 77 77 77 77 77 77 77 77 77 77
 14 77 77 77 77 77 77 77 77 77 77 77 77 77 77 77 77 77 77 77 77 77 77 77 77 77 77 77 77 77 77 77 77 77 77 77 77 77 77 77 77 77 77 77 77 77 77 77 77 77 77 77 77 77 77 77 77 77 77 77
 77 77 77 77 77 77 77 77 77 77 77 77 77 77 77 77 77 77 77 77 77 77 77 77 77 77 77 77 77 77 77 77 77 77 77 77 77 77 77 77 77 77 77 77 77 77 77 77 77 77 77 77 77 77 77 77 77 77 77 77
 77 77 77 77 77 77 77 77 77 77 77 77 77 77 77 77 77 77 77 77 77 77 77 77 77 77 77 77 77 77 77 77 77 77 77 77 77 77 77 77 77 77 77 77 77 77 77 77 77 77 77 77 77 77 77 77 77 77 77 77
 77 77 77 77 77 77 77 77 77 77 77 77 77 77 77 77 77 77 77 77 77 77 77 77 77 77 77 77 77 77 77 77 77 77 77 77 77 77 77 77 77 77 77 77 77 77 77 77 77 77 77 77 77 77 77 77 77 77 77 77
 77 77 77 77 77 77 77 77 77 77 77 77 77 77 77 77 77 77 77 77 77 77 77 77 77 77 77 77 77 77 77 77 77 77 77 77 77 77 77 77 77 77 77 77 77 77 77 77 77 77 77 77 77 77 77 77 77 77 77 77
 77 77 77 77 77 77 77 77 77 77 77 77 77 77 77 77 77 77 77 77 77 77 77 77 77 77 77 77 77 77 77 77 77 77 77 77 77 77 77 77 77 77 77 77 77 77 77 77 77 77 77 77 77 77 77 77 77 77 77 77
 77 77 77 77 77 77 77 77 77 77 77 77 77 77 77 77 77 77 77 77 77 77 77 77 77 77 77 77 77 77 77 77 77 77 77 77 77 77 77 77 77 77 77 77 77 77 77 77 77 77 77 77 77 77 77 77 77 77 77 77
 77 77 77 77 77 77 77 77 77 77 77 77 77 77 77 77 77 77 77 77 77 77 77 77 77 77 77 77 77 77 77 77 77 77 77 77 77 77 77 77 77 77 77 77 77 77 77 77 77 77 77 77 77 77 77 77 77 77 77 77
 77 77 77 77 77 77 77 77 77 77 77 77 77 77 77 77 77 77 77 77 77 77 77 77 77 77 77 77 77 77 77 77 77 77 77 77 77 77 77 77 77 77 77 77 77 77 77 77 77 77 77 77 77 77 77 77 77 77 77 77
 77 77 77 77 77 77 77 77 77 77 77 77 77 77 77 77 77 77 77 77 77 77 77 77 77 77 77 77 77 77 77 77 77 77 77 77 77 77 77 77 77 77 77 77 77 77 77 77 77 77 77 77 77 77 77 77 77 77 77 77
 77 77 77 77 77 77 77 77 77 77 77 77 77 77 77 77 77 77 77 77 77 77 77 77 77 77 77 77 77 77 77 77 77 77 77 77 77 77 77 77 77 77 77 77 77 77 77 77 77 77 77 77 77 77 77 77 77 77 77 77
 77 77 77 77 77 77 77 77 77 77 77 77 77 77 77 77 77 77 77 77 77 77 77 77 77 77 77 77 77 77 77 77 77 77 77 77 77 77 77 77 77 77 77 77 77 77 77 77 77 77 77 77 77 77 77 77 77 77 77 77
 77 77 77 77 77 77 77 77 77 77 77 77 77 77 77 77 77 77 77 77 77 77 77 77 77 77 77 77 77 77 77 77 77 77 77 77 77 77 77 77 77 77 77 77 77 77 77 77 77 77 77 77 77 77 77 77 77 77 77 77
 77 77 77 77 77 77 77 77 77 77 77 77 77 77 77 77 77 77 77 77 77 77 77 77 77 77 77 77 77 77 77 77 77 77 77 77 77 77 77 77 77 77 77 77 77 77 77 77 77 77 77 77 77 77 77 77 77 77 77 77
 77 77 77 77 77 77 77 77 77 77 77 77 77 77 77 77 77 77 77 77 77 77 77 77 77 77 77 77 77 77 77 77 77 77 77 77 77 77 77 77 77 77 77 77 77 77 77 77 77 77 77 77 77 77 77 77 77 77 77 77
 77 77 77 77 77 77 77 77 77 77 77 77 77 77 77 77 77 77 77 77 77 77 77 77 77 77 77 77 77 77 77 77 77 77 77 77 77 77 77 77 77 77 77 77 77 77 77 77 77 77 77 77 77 77 77 77 77 77 77 77
 34 77 77 77 77 77 77 77 77 77 77 77 77 77 77 77 77 77 77 77 77 77 77 77 77 77 77 77 77 77 77 77 77 77 77 77 77 77 77 77 77 77 77 77 77 77 77 77 77 77 77 77 77 77 77 77 77 77 77 77
 34 34 34 34 77 77 77 77 77 77 77 77 77 77 77 77 77 77 77 77 77 77 77 77 77 77 77 77 77 77 77 77 77 77 77 77 77 77 77 77 77 77 77 77 77 77 77 77 77 77 77 77 77 77 77 77 77 77 77 77
 34 34 34 34 34 77 77 77 77 77 77 77 77 77 77 77 77 77 77 77 77 77 77 77 77 77 77 77 77 77 77 77 77 77 77 77 77 77 77 77 77 77 77 77 77 77 77 77 77 77 77 77 77 77 77 77 38 38 77 77
 34 34 34 34 34 77 77 77 77 34 77 77 77 77 77 77 77 77 77 77 77 77 77 77 77 77 77 77 77 77 77 77 77 77 77 77 77 77 77 77 77 77 77 77 77 77 77 77 77 77 77 77 77 77 77 38 38 77 77 77
 34 34 34 34 34 34 34 34 34 34 30 30 77 77 77 77 77 77 77 77 77 77 77 77 77 77 77 77 77 77 77 77 77 77 77 77 77 77 77 77 77 77 77 77 77 77 77 77 77 77 77 77 77 38 38 77 77 77 77 77
 34 34 34 34 34 34 34 34 34 34 30 30 77 77 77 77 77 77 77 77 77 77 77 77 77 77 77 77 77 77 77 77 77 77 77 77 77 77 77 77 77 77 77 77 77 77 77 77 77 77 77 38 38 38 77 77 77 77 77 77
 34 34 34 34 34 34 34 34 34 34 30 30 77 77 77 77 77 77 77 77 77 77 77 77 77 77 77 77 77 77 77 77 77 77 77 77 77 77 77 77 77 77 77 77 77 77 77 77 77 38 38 38 38 77 77 77 77 77 77 77
 34 34 34 34 34 34 34 34 34 34 30 30 30 77 77 77 77 77 77 77 77 77 77 77 30 77 77 77 77 77 77 77 77 77 77 77 77 77 77 77 77 77 77 77 77 77 77 38 38 38 77 77 77 77 77 77 77 77 77 77
 34 34 34 34 34 34 34 34 34 34 30 30 30 30 77 77 77 77 77 77 30 30 30 30 30 30 30 77 77 77 77 77 77 77 77 77 77 77 77 77 77 77 77 77 77 38 38 38 38 77 77 77 77 77 77 77 77 77 77 77
 34 34 34 34 34 34 34 34 34 34 30 30 30 30 30 30 30 30 30 30 30 30 30 30 30 30 30 30 77 77 77 77 77 77 77 77 77 77 77 77 77 77 77 77 77 38 38 38 77 77 77 77 77 77 77 77 77 77 77 77
 34 34 34 34 34 34 34 34 34 34 30 30 30 30 30 30 30 30 30 30 30 30 30 30 30 30 30 30 30 77 77 77 77 77 77 77 77 77 77 77 77 77 77 38 38 77 77 77 77 77 77 77 77 77 77 77 77 77 77 77
 34 34 34 34 34 77 77 77 77 34 30 30 30 30 30 30 30 30 30 30 30 30 30 30 30 30 30 30 30 30 30 77 77 77 77 77 77 77 77 77 77 77 38 77 77 77 77 77 77 77 77 77 77 77 77 77 77 77 77 77
 34 34 34 34 77 77 77 77 77 77 77 77 77 77 30 30 30 30 30 30 30 30 30 30 30 30 30 30 30 30 30 77 77 77 77 77 77 77 77 77 77 30 77 77 77 77 77 77 77 77 77 77 77 77 77 77 77 77 77 77
 34 34 34 34 77 77 77 77 77 77 77 77 77 77 30 30 30 30 30 30 30 30 30 30 30 30 30 30 30 30 30 30 77 77 77 77 77 77 77 77 77 30 30 77 77 77 77 77 77 77 77 77 77 77 77 77 77 77 77 77
 34 34 34 34 77 77 77 77 77 77 77 77 77 77 77 30 30 30 30 30 30 30 30 30 30 30 30 30 30 30 30 30 77 77 77 77 77 77 77 77 77 30 30 77 77 77 77 77 77 77 77 77 77 77 77 77 77 77 77 77
 34 34 34 34 34 77 77 77 77 77 77 77 77 77 77 77 30 30 30 30 30 30 30 30 30 30 30 30 30 30 30 30 30 77 77 77 77 77 77 77 77 77 30 77 77 77 77 77 77 77 77 77 77 77 77 77 77 77 77 77
 34 34 34 34 34 34 34 34 77 77 77 77 77 77 77 77 77 30 30 30 30 30 30 30 30 30 30 30 30 30 30 30 30 30 30 77 77 77 77 77 77 77 30 30 77 77 77 77 77 77 77 77 77 77 77 77 77 77 77 38
 34 34 34 34 34 34 34 34 34 34 30 77 77 77 77 77 77 77 30 30 30 30 30 30 30 30 30 30 30 30 30 30 30 30 30 30 77 77 77 77 77 77 30 30 77 77 77 77 77 77 77 77 77 77 77 77 77 77 38 38
 34 34 34 34 34 34 34 34 34 34 30 30 30 30 77 77 30 30 30 30 30 30 30 30 30 30 30 30 30 30 30 30 30 30 30 30 30 30 77 77 77 77 30 30 30 77 77 77 77 77 77 77 77 77 77 77 38 38 38 77
 34 34 34 34 34 34 34 34 34 34 30 30 30 30 30 30 30 30 30 30 30 30 30 30 30 30 30 30 30 30 30 30 30 30 30 30 30 30 30 30 77 77 30 30 30 77 77 77 77 77 77 77 77 77 77 77 38 77 77 77
 34 34 34 34 34 34 34 34 34 34 30 30 30 30 30 30 30 30 30 30 30 30 30 30 30 30 30 30 30 30 30 30 30 30 30 30 30 30 30 30 30 30 30 30 30 77 77 77 77 77 77 77 77 77 77 38 38 77 77 77
 34 34 34 34 34 34 34 34 34 34 30 30 30 30 30 30 30 30 30 30 30 30 30 30 30 30 30 30 30 30 30 30 30 30 30 30 30 30 30 30 30 30 77 30 30 30 77 77 77 77 77 77 77 77 77 38 77 77 77 77
 34 34 34 34 34 34 34 34 34 34 30 30 30 30 30 30 30 30 30 30 30 30 30 30 30 30 30 30 30 30 30 30 30 30 30 30 30 30 30 30 30 30 77 30 30 30 30 77 77 77 77 77 77 77 77 38 77 77 77 77
 34 34 34 34 34 34 34 34 77 34 30 30 30 30 30 30 30 30 30 30 30 30 30 30 30 30 30 30 30 30 30 30 30 30 30 30 30 30 30 30 30 30 30 30 30 30 30 77 77 77 77 77 77 77 77 77 38 77 77 77
 34 34 34 34 34 34 34 34 34 34 30 30 30 30 30 30 30 30 30 30 30 30 30 30 30 30 30 30 30 30 30 30 30 30 30 30 30 30 30 30 30 30 30 30 30 30 30 30 77 77 77 77 77 77 77 38 77 77 77 77
 34 34 34 34 34 34 34 34 34 77 30 30 30 30 30 30 30 30 30 30 30 30 30 30 30 30 30 30 30 30 30 30 30 30 30 30 30 30 30 30 30 30 30 30 30 30 30 30 77 77 77 77 77 77 30 77 77 77 77 77
 34 34 34 34 34 34 34 34 34 34 30 30 30 30 30 30 30 30 30 30 30 30 30 30 30 30 30 30 30 30 30 30 30 30 30 30 30 30 30 30 30 30 30 30 30 30 30 30 30 30 77 77 77 77 30 77 77 77 77 77
 34 34 34 34 34 34 34 34 34 34 30 30 30 30 30 30 30 30 30 30 30 30 30 30 30 30 30 30 30 30 30 30 30 30 30 30 30 30 30 30 30 30 30 30 30 30 30 30 30 30 30 77 77 30 30 77 77 77 77 77
 34 34 34 34 34 34 34 34 34 34 30 30 30 30 30 30 30 30 30 30 30 30 30 30 30 30 30 30 30 30 30 30 30 30 30 30 30 30 30 30 30 30 30 30 30 30 30 30 30 30 30 30 30 30 30 77 77 77 77 77
 34 34 34 34 34 34 34 34 34 34 30 30 30 30 30 30 30 30 30 30 30 30 30 30 30 30 30 30 30 30 30 30 30 30 30 30 30 30 30 30 30 30 30 30 30 30 30 30 30 30 30 30 30 30 30 77 77 77 77 77
 34 34 34 34 34 34 34 34 34 34 30 30 30 30 30 30 30 30 30 30 30 30 30 30 30 30 30 30 30 30 30 30 30 30 30 30 30 30 30 30 30 30 30 30 30 30 30 30 30 30 30 30 30 30 30 77 77 77 77 77
 34 34 34 34 34 34 34 34 34 34 30 30 30 30 30 30 30 30 30 30 30 30 30 30 30 30 30 30 30 30 30 30 30 30 30 30 30 30 30 30 30 30 30 30 30 30 30 30 30 30 30 30 30 30 30 77 77 77 77 77
 34 34 34 34 34 34 34 34 34 34 30 30 30 30 30 30 30 30 30 30 30 30 30 30 30 30 30 30 30 30 30 30 30 30 30 30 30 30 30 30 30 30 30 30 30 30 30 30 30 30 30 30 30 30 30 77 77 77 77 77
 34 34 34 34 34 34 34 34 34 34 30 30 30 30 30 30 30 30 30 30 30 30 30 30 30 30 30 30 30 30 30 30 30 30 30 30 30 30 30 30 30 30 30 30 30 30 30 30 30 30 30 30 30 30 30 77 77 77 77 77
 34 34 34 34 34 34 34 34 34 34 30 30 30 30 30 30 30 30 30 30 30 30 30 30 30 30 30 30 30 30 30 30 30 30 30 30 30 30 30 30 30 30 30 30 30 30 30 30 30 30 30 30 30 30 30 77 77 77 77 77
 34 34 34 34 34 34 34 34 34 34 30 30 30 30 30 30 30 30 30 30 30 30 30 30 30 30 30 30 30 30 30 30 30 30 30 30 30 30 30 30 30 30 30 30 30 30 30 30 30 30 30 30 30 30 77 77 77 77 77 77
 34 34 34 34 34 34 34 34 34 34 30 30 30 30 30 30 30 30 30 30 30 30 30 30 30 30 30 30 30 30 30 30 30 30 30 30 30 30 30 30 30 30 30 30 30 30 30 30 30 30 30 30 30 77 77 77 77 77 77 77
 34 34 34 34 34 34 34 34 34 34 30 30 30 30 30 30 30 30 30 30 30 30 30 30 30 30 30 30 30 30 30 30 30 30 30 30 30 30 30 30 30 30 30 30 30 30 30 30 30 30 30 77 77 77 77 77 77 77 77 77
 34 34 34 34 34 34 34 34 34 34 30 30 30 30 30 30 30 30 30 30 30 30 30 30 30 30 30 30 30 30 30 30 30 30 30 30 30 30 30 30 30 30 30 30 30 30 30 30 30 30 77 77 77 77 77 77 77 77 77 77
 34 34 34 34 34 34 34 34 34 34 30 30 30 30 30 30 30 30 30 30 30 30 30 30 30 30 30 30 30 30 30 30 30 30 30 30 30 30 30 30 30 30 30 30 30 30 30 30 30 30 77 77 77 77 77 77 77 77 77 77
 34 34 34 34 34 34 34 34 34 34 30 30 30 30 30 30 30 30 30 30 30 30 30 30 30 30 30 30 30 30 30 30 30 30 30 30 30 30 30 30 30 30 30 30 30 30 30 30 30 77 77 77 77 77 77 77 77 77 77 77
 34 34 34 34 34 34 34 34 34 34 30 30 30 30 30 30 30 30 30 30 30 30 30 30 30 30 30 30 30 30 30 30 30 30 30 30 30 30 30 30 30 30 30 30 30 77 77 77 77 77 77 77 77 77 77 77 77 77 77 77
 34 34 34 34 34 34 34 34 34 34 30 30 30 30 30 30 30 30 30 30 30 30 30 30 30 30 30 30 30 30 30 30 30 30 30 30 30 30 30 30 30 30 30 77 77 77 77 77 77 77 77 77 77 77 77 77 77 77 77 77
 34 34 34 34 34 34 34 34 34 34 30 30 30 30 30 30 30 30 30 30 30 30 30 30 30 30 30 30 30 30 30 30 30 30 30 30 30 30 30 30 30 77 77 77 77 77 77 77 77 77 77 77 77 77 77 77 77 77 77 77
 34 34 34 34 34 34 34 34 34 34 30 30 30 30 30 30 30 30 30 30 30 30 30 30 30 30 30 30 30 30 30 30 30 30 30 30 30 30 77 77 77 77 77 77 77 77 77 77 77 77 77 77 77 77 77 77 77 77 77 77
 34 34 34 34 34 34 34 34 34 34 30 30 30 30 30 30 30 30 30 30 30 30 30 30 30 30 30 30 30 30 30 30 30 30 30 30 30 30 77 77 77 77 77 77 77 77 77 77 77 77 77 77 77 77 77 77 77 77 77 77
 34 34 34 34 34 34 34 34 34 34 30 30 30 30 30 30 30 30 30 30 30 30 30 30 30 30 30 30 30 30 30 30 30 30 30 30 30 30 77 77 77 77 77 77 77 77 77 77 77 77 77 77 77 77 77 77 77 77 77 77
 34 34 34 34 34 34 34 34 34 34 30 30 30 30 30 30 30 30 30 30 30 30 30 30 30 30 30 30 30 30 30 30 30 30 30 30 30 77 77 30 77 77 77 77 77 77 77 77 77 77 77 77 77 77 77 77 77 77 77 77
 34 34 34 34 34 34 34 34 34 34 30 30 30 30 30 30 30 30 30 30 30 30 30 30 30 30 30 30 30 30 30 30 30 30 30 30 77 77 77 77 30 30 77 77 30 77 77 77 77 77 77 77 77 77 77 77 77 77 77 77
 34 34 34 34 34 34 34 34 34 34 30 30 30 30 30 30 30 30 30 30 30 30 30 30 30 30 30 30 30 30 30 30 30 30 30 30 77 77 77 30 30 30 30 30 30 30 77 77 77 77 77 77 77 77 77 77 77 77 77 77
 34 34 34 34 34 34 34 34 34 34 30 30 30 30 30 30 30 30 30 30 30 30 30 30 30 30 30 30 30 30 30 30 30 30 30 30 30 30 30 30 30 30 30 30 30 30 30 77 77 77 77 77 77 77 77 77 77 77 77 77
 34 34 34 34 34 34 34 34 34 34 30 30 30 30 30 30 30 30 30 30 30 30 30 30 30 30 30 30 30 30 30 30 30 30 30 30 30 30 30 30 30 30 30 30 30 30 30 77 77 77 77 77 77 77 77 77 77 77 77 77
 34 34 34 34 34 34 34 34 34 34 30 30 30 30 30 30 30 30 30 30 30 30 30 30 30 30 30 30 30 30 30 30 30 30 30 30 30 30 30 30 30 30 30 30 30 30 30 30 77 77 77 77 77 77 77 77 77 77 77 77
 34 34 34 34 34 34 34 34 34 34 30 30 30 30 30 30 30 30 30 30 30 30 30 30 30 30 30 30 30 30 30 30 30 30 30 30 30 30 30 30 30 30 30 30 30 30 30 30 30 77 77 77 77 77 77 77 77 77 77 77
 34 34 34 34 34 34 34 34 34 34 30 30 30 30 30 30 30 30 30 30 30 30 30 30 30 30 30 30 30 30 30 30 30 30 30 30 30 30 30 30 30 30 30 30 30 30 30 30 30 30 77 77 77 77 77 77 77 77 77 77
 34 34 34 34 34 34 34 34 34 34 30 30 30 30 30 30 30 30 30 30 30 30 30 30 30 30 30 30 30 30 30 30 30 30 30 30 30 30 30 30 30 30 30 30 30 30 30 30 30 30 30 77 77 77 77 77 77 77 77 77
 34 34 34 34 34 34 34 34 34 34 30 30 30 30 30 30 30 30 30 30 30 30 30 30 30 30 30 30 30 30 30 30 30 30 30 30 30 30 30 30 30 30 30 30 30 30 30 30 30 30 30 30 30 77 77 77 77 77 77 77
 34 34 34 34 34 34 34 34 34 34 30 30 30 30 30 30 30 30 30 30 30 30 30 30 30 30 30 30 30 30 30 30 30 30 30 30 30 30 30 30 30 30 30 30 30 30 30 30 30 30 30 30 77 77 77 77 77 77 77 77
 34 34 34 34 34 34 34 34 34 34 30 30 30 30 30 30 30 30 30 30 30 30 30 30 30 30 30 30 30 30 30 30 30 30 30 30 30 30 30 30 30 30 30 30 30 30 30 30 30 30 30 30 77 77 77 77 77 77 77 77
 34 34 34 34 34 34 34 34 34 34 30 30 30 30 30 30 30 30 30 30 30 30 30 30 30 30 30 30 30 30 30 30 30 30 30 30 30 30 30 30 30 30 30 30 30 30 30 30 30 30 30 77 77 77 77 77 77 77 77 77
 34 34 34 34 34 34 34 34 34 34 30 30 30 30 30 30 30 30 30 30 30 30 30 30 30 30 30 30 30 30 30 30 30 30 30 30 30 30 30 30 30 30 30 30 30 30 30 30 30 30 77 77 77 77 77 77 77 77 77 77
 34 34 34 34 34 34 34 34 34 34 30 30 30 30 30 30 30 30 30 30 30 30 30 30 30 30 30 30 30 30 30 30 30 30 30 30 30 30 30 30 30 30 30 30 30 30 30 30 30 77 77 77 77 77 77 77 77 77 77 77
 34 34 34 34 34 34 34 34 34 34 30 30 30 30 30 30 30 30 30 30 30 30 30 30 30 30 30 30 30 30 30 30 30 30 30 30 30 30 30 30 30 30 30 30 30 30 77 77 77 77 77 77 77 77 77 77 77 77 77 77
 34 34 34 34 34 34 34 34 34 34 30 30 30 30 30 30 30 30 30 30 30 30 30 30 30 30 30 30 30 30 30 30 30 30 77 77 30 30 30 30 30 30 30 30 30 30 77 77 77 77 77 77 77 77 77 77 77 77 77 77
 34 34 34 34 34 34 34 34 34 34 30 30 30 30 30 30 30 30 30 30 30 30 30 30 30 30 30 30 30 30 30 30 77 77 77 77 30 30 30 30 30 30 30 30 30 30 77 77 77 77 77 77 77 77 77 77 77 77 77 77
 34 34 34 34 34 34 34 34 34 34 30 30 30 30 30 30 30 30 30 30 30 30 30 30 30 30 30 30 30 30 77 77 77 77 77 77 30 30 30 30 30 30 30 30 30 77 77 77 77 77 77 77 77 77 77 77 77 77 77 77
 34 34 34 34 34 34 34 34 34 34 30 30 30 30 30 30 30 30 30 30 30 30 30 30 30 30 30 30 77 30 30 77 77 77 77 30 30 30 77 77 77 77 77 77 77 77 77 77 77 77 77 77 77 77 77 77 77 77 77 77
 34 34 34 34 34 34 34 34 34 34 30 30 30 30 30 30 30 30 30 30 30 30 30 30 30 30 30 30 77 77 77 77 77 77 30 30 77 77 77 77 77 77 77 77 77 77 77 77 77 77 77 77 77 77 77 77 77 77 77 77
 34 34 34 34 34 34 34 34 34 34 30 30 30 30 30 30 30 30 30 30 30 30 30 30 30 30 30 30 77 77 77 77 77 77 77 77 77 77 77 32 32 32 32 32 77 77 77 77 77 77 77 77 77 77 77 77 77 77 77 77
 34 34 34 34 34 34 34 34 34 34 30 30 30 30 30 30 30 30 30 30 30 30 30 30 30 30 77 77 77 77 77 77 77 77 77 77 77 32 32 32 32 32 77 77 77 77 77 77 77 77 77 77 77 77 77 77 77 77 77 77
 34 34 34 34 34 34 34 34 34 34 30 30 30 30 30 30 30 30 30 30 30 30 30 30 30 77 77 77 77 77 77 77 77 77 77 77 32 32 32 32 32 77 77 77 77 77 77 77 77 77 77 77 77 77 77 77 77 77 77 77
 34 34 34 34 34 34 34 34 34 34 30 30 30 30 30 30 30 30 30 30 30 30 30 30 30 77 77 77 77 32 32 77 77 77 77 32 32 32 32 32 77 77 77 77 77 77 77 77 77 77 77 77 77 77 77 77 77 77 77 77
 34 34 34 34 34 34 34 34 34 34 30 30 30 30 30 30 30 30 30 30 30 30 30 30 77 77 77 32 32 32 32 77 32 32 32 32 32 32 32 77 77 77 77 77 77 77 77 77 77 77 77 77 77 77 77 77 77 77 77 77
 34 34 34 34 34 34 34 34 34 34 30 30 30 30 30 30 30 30 30 30 30 30 30 77 77 77 32 77 77 32 32 32 32 32 32 32 32 32 32 77 77 77 77 77 77 77 77 77 77 77 77 77 77 77 77 77 77 77 77 77
 34 34 34 34 34 34 34 34 34 34 30 30 30 30 30 30 30 30 30 30 30 30 77 77 32 32 32 77 32 32 32 32 32 32 32 32 32 32 32 77 77 77 77 77 77 77 77 77 32 32 77 77 77 77 77 77 77 77 77 77
 34 34 34 34 34 34 34 34 34 34 30 30 30 30 30 30 30 30 30 30 30 30 77 77 32 32 77 77 32 32 32 32 32 32 32 32 32 32 32 32 77 77 77 77 77 77 77 32 32 32 32 77 77 77 77 77 77 77 77 77
 34 34 34 34 34 34 34 34 34 34 30 30 30 30 30 30 30 30 30 30 30 30 77 77 32 32 32 32 32 32 32 32 32 32 32 32 32 32 32 32 32 77 77 77 77 77 32 32 77 77 32 77 77 77 77 77 77 77 77 77
 34 34 34 34 34 34 34 34 34 34 30 30 30 30 30 30 30 30 30 30 30 30 77 77 32 32 32 32 32 77 77 77 32 32 32 32 32 32 32 32 32 77 77 77 77 32 32 32 77 77 77 77 77 77 77 77 77 77 77 77
 34 34 34 34 34 34 34 34 34 34 30 30 30 30 30 30 30 30 30 30 30 77 77 77 32 32 32 77 77 77 77 77 32 32 32 32 32 32 32 32 32 32 32 32 32 32 32 32 77 77 77 77 77 77 77 77 77 77 77 77
 34 34 34 34 34 34 34 34 34 34 30 30 30 30 30 30 30 30 30 30 30 77 77 77 32 32 77 77 77 77 77 77 77 32 32 32 32 32 32 32 32 32 32 32 32 32 32 32 32 32 32 77 77 77 77 77 77 77 77 77
 34 34 34 34 34 34 34 34 34 34 30 30 30 30 30 30 30 30 30 30 30 77 77 32 32 32 77 77 77 77 77 77 77 32 32 32 32 32 32 32 32 32 32 32 32 32 32 32 32 32 32 77 77 77 77 77 77 77 77 77
 34 34 34 77 77 77 77 77 34 30 30 30 30 30 30 30 30 30 30 30 30 77 77 77 32 32 77 77 77 77 77 77 77 77 32 32 32 32 32 32 32 32 32 32 32 32 32 32 32 32 32 32 77 77 77 77 77 77 77 77
 34 77 77 77 77 77 77 77 30 30 30 30 30 30 30 30 30 30 30 30 30 77 77 32 32 32 77 77 77 77 77 77 77 77 77 32 32 32 32 32 32 32 32 32 32 32 32 32 32 32 32 32 77 77 77 77 77 77 77 77
 77 77 77 77 77 77 77 77 77 30 30 30 30 30 30 30 30 30 30 30 30 77 32 32 32 32 77 77 77 77 77 77 77 77 77 77 32 32 32 32 32 32 32 32 32 32 32 32 32 32 32 32 77 77 77 77 77 77 77 77
 77 77 77 77 77 77 77 77 77 77 30 30 30 30 30 30 30 30 30 30 30 77 32 32 32 32 77 77 77 77 77 77 77 77 77 77 77 32 32 32 32 32 32 32 32 32 32 32 32 32 32 32 32 77 77 77 77 77 77 77
 77 77 77 77 77 77 77 77 77 77 30 30 30 30 30 30 30 30 30 30 30 77 32 32 32 32 32 32 32 77 77 77 77 77 77 77 77 32 77 32 32 32 32 32 32 32 32 32 32 32 32 32 32 77 77 77 77 77 77 77
 77 77 77 77 77 77 77 77 77 77 30 30 30 30 30 30 30 30 30 30 30 77 32 32 32 32 77 32 32 32 77 77 32 32 77 77 32 32 32 77 32 32 32 32 32 32 32 32 32 32 32 32 32 32 77 77 77 77 77 77
 77 77 77 77 77 77 77 77 77 77 30 30 30 30 30 30 30 30 30 30 32 32 32 32 77 77 77 77 77 77 32 32 32 32 32 77 32 32 32 32 77 32 32 32 32 32 32 32 32 32 32 32 32 32 32 77 77 77 77 77
 77 77 77 77 77 77 77 77 77 77 77 30 30 30 30 30 30 30 30 30 32 77 32 32 77 77 77 77 77 32 77 32 32 32 32 32 32 32 32 32 32 32 77 77 77 77 77 77 77 22 20 20 77 77 77 20 20 77 77 77
 77 77 77 77 77 77 77 77 77 77 77 77 30 30 30 30 30 30 30 30 32 77 32 32 32 77 77 77 77 32 77 77 32 32 32 32 32 32 32 32 32 32 77 77 77 77 77 77 77 22 20 20 20 77 77 77 20 20 77 77
 77 77 77 77 77 77 77 77 77 77 77 77 77 77 30 30 32 32 32 32 32 77 32 32 77 77 77 32 77 77 77 32 32 32 32 32 32 77 32 77 77 77 32 77 77 22 77 77 77 22 20 20 20 20 20 20 20 20 20 20
 77 77 77 77 77 77 77 77 77 77 77 77 77 77 32 32 32 32 32 32 32 77 32 32 32 77 32 32 77 77 77 32 32 32 32 32 32 77 77 77 77 32 77 77 22 22 22 22 22 22 20 20 20 20 20 20 20 20 20 20
 77 77 77 77 77 77 77 77 77 77 77 77 77 77 77 32 32 32 32 32 32 77 32 32 32 32 32 32 77 32 77 77 32 32 32 32 77 77 77 77 77 77 77 77 22 22 22 22 22 22 20 20 20 20 20 20 20 20 20 20
 77 77 77 77 77 77 77 77 77 77 77 77 77 77 77 77 32 32 32 32 77 77 32 32 32 32 32 32 77 32 32 77 32 32 32 77 77 77 77 77 77 77 77 22 22 22 22 22 22 22 20 20 20 20 20 20 20 20 20 20
 77 77 77 77 77 77 77 77 77 77 77 77 77 77 77 77 32 32 32 32 32 77 77 32 32 32 77 32 32 32 32 32 32 32 32 32 32 77 77 22 22 22 22 22 22 22 22 22 22 22 20 20 20 20 20 20 20 20 20 20
 77 77 77 77 77 77 77 77 77 77 77 77 77 77 77 77 32 32 32 32 32 77 32 32 32 32 77 32 77 77 77 77 32 32 32 32 32 22 22 22 22 22 22 22 22 22 22 22 22 22 20 20 20 20 20 20 20 20 20 20
 77 77 77 77 77 77 77 77 77 77 77 77 77 77 77 32 32 32 32 32 32 32 32 32 32 32 77 77 22 22 77 77 77 22 22 22 22 22 22 22 22 22 22 22 22 22 22 22 22 22 20 20 20 20 20 20 20 20 20 20
 77 77 77 77 77 77 77 77 77 77 77 77 77 77 77 77 77 32 32 32 32 32 32 32 32 32 77 77 22 22 22 22 22 22 22 22 22 22 22 22 22 22 22 22 22 22 22 22 22 22 20 20 20 20 20 20 20 20 20 20
 77 77 77 77 77 77 77 77 77 77 77 77 77 77 77 77 77 77 77 32 32 32 32 32 32 32 77 32 77 77 22 22 22 22 22 22 22 22 22 22 22 22 22 22 22 22 22 22 22 22 20 20 20 20 20 20 20 20 20 20
 77 77 77 77 77 77 77 77 77 77 77 77 77 77 77 77 77 77 77 32 32 32 77 32 32 32 32 32 77 77 22 22 22 22 22 22 22 22 22 22 22 22 22 22 22 22 22 22 22 22 20 20 20 20 20 20 20 20 20 20
 77 77 77 77 77 77 77 77 77 77 77 77 77 77 77 77 77 77 77 32 32 32 32 32 32 32 77 77 77 77 22 22 22 22 22 22 22 22 22 22 22 22 22 22 22 22 22 22 22 22 20 20 20 20 20 20 20 20 20 20
 77 77 77 77 77 77 77 77 77 77 77 77 77 77 77 77 77 77 77 32 32 32 32 32 32 32 77 77 77 77 22 22 22 22 22 22 22 22 22 22 22 22 22 22 22 22 22 22 22 22 20 20 20 20 20 20 20 20 20 20
 77 77 77 77 77 77 77 77 77 77 77 77 77 77 77 77 77 77 32 32 32 32 32 77 77 32 77 77 77 22 22 22 22 22 22 22 22 22 22 22 22 22 22 22 22 22 22 22 22 22 20 20 20 20 20 20 20 20 20 20
 77 77 77 77 77 77 77 77 77 77 77 77 77 77 77 77 77 77 32 32 32 32 32 32 32 77 77 22 77 77 22 22 22 22 22 22 22 22 22 22 22 22 22 22 22 22 22 22 22 22 20 20 20 20 20 20 20 20 20 20
 77 77 77 77 77 77 77 77 77 77 77 77 77 77 77 77 77 77 32 32 32 32 32 32 32 77 77 77 77 22 22 22 22 22 22 22 22 22 22 22 22 22 22 22 22 22 22 22 22 22 20 20 20 20 20 20 20 20 20 20
 77 77 77 77 77 77 77 77 77 77 77 77 77 77 32 32 32 32 32 32 32 32 32 32 32 77 77 77 77 22 22 22 22 22 22 22 22 22 22 22 22 22 22 22 22 22 22 22 22 22 20 20 20 20 20 20 20 20 20 20
 77 77 77 77 77 77 77 77 77 77 77 77 77 77 32 32 32 32 32 32 32 32 32 32 32 77 77 77 77 22 22 22 22 22 22 22 22 22 22 22 22 22 22 22 22 22 22 22 22 22 20 20 20 20 20 20 20 20 20 20
 77 77 77 77 77 77 77 77 77 77 77 77 77 32 32 32 32 32 32 32 32 32 32 32 77 77 77 77 22 22 22 22 22 22 22 22 22 22 22 22 22 22 22 22 22 22 22 22 22 22 20 20 20 20 20 20 20 20 20 20
 77 77 77 77 77 77 77 77 77 77 77 77 77 32 32 32 32 32 32 32 32 32 32 32 77 77 77 77 22 22 22 22 22 22 22 22 22 22 22 22 22 22 22 22 22 22 22 22 22 22 20 20 20 20 20 20 20 20 20 20
 77 77 77 77 77 77 77 77 77 77 77 77 77 77 77 77 77 77 32 32 77 77 77 77 77 77 77 77 22 22 22 22 22 22 22 22 22 22 22 22 22 22 22 22 22 22 22 22 22 22 20 20 20 20 20 20 20 20 20 20
 77 77 77 77 77 77 77 77 77 77 77 77 77 77 77 77 77 77 77 77 77 77 77 77 77 77 77 22 22 22 22 22 22 22 22 22 22 22 22 22 22 22 22 22 22 22 22 22 22 22 20 20 20 20 20 20 20 20 20 20
 77 77 77 77 77 77 77 77 77 77 77 77 77 77 77 77 77 77 22 22 22 22 77 77 77 77 77 22 22 22 22 22 22 22 22 22 22 22 22 22 22 22 22 22 22 22 22 22 22 22 20 20 20 20 20 20 20 20 20 20
 77 77 77 77 77 77 77 77 77 77 77 77 77 77 77 77 22 22 22 22 22 22 77 77 77 77 22 22 22 22 22 22 22 22 22 22 22 22 22 22 22 22 22 22 22 22 22 22 22 22 20 20 20 20 20 20 20 20 20 20
 77 77 77 77 77 77 77 77 77 77 77 77 77 77 77 22 22 22 22 22 22 22 77 77 77 77 22 22 22 22 22 22 22 22 22 22 22 22 22 22 22 22 22 22 22 22 22 22 22 22 20 20 20 20 20 20 20 20 20 20
 77 77 77 77 77 77 77 77 77 77 77 77 22 22 22 22 22 22 22 22 22 77 77 77 77 22 22 77 22 22 22 22 22 22 22 22 22 22 22 22 22 22 22 22 22 22 22 22 22 22 20 20 20 20 20 20 20 20 20 20
 77 77 77 77 77 77 77 77 77 77 77 22 22 22 22 22 22 22 22 22 77 77 77 77 22 22 22 22 22 22 22 22 22 22 22 22 22 22 22 22 22 22 22 22 22 22 22 22 22 22 20 20 20 20 20 20 20 20 20 20
 77 77 77 77 77 77 77 77 77 77 22 22 22 22 22 22 22 22 22 77 77 77 22 22 77 22 22 22 22 22 22 22 22 22 22 22 22 22 22 22 22 22 22 22 22 22 22 22 22 22 20 20 20 20 20 20 20 20 20 20
 77 77 77 77 77 77 77 77 77 24 22 22 22 22 22 22 22 22 22 77 77 22 22 77 77 22 22 22 22 22 22 22 22 22 22 22 22 22 22 22 22 22 22 22 22 22 22 22 22 22 20 20 20 20 20 20 20 20 20 20
 77 77 77 77 77 77 77 77 24 24 22 22 22 22 22 22 22 22 22 77 77 22 22 77 77 22 22 77 22 22 22 22 22 22 22 22 22 22 22 22 22 22 22 22 22 22 22 22 22 22 20 20 20 20 20 20 20 20 20 20
 77 77 77 77 77 77 24 24 24 24 22 22 22 22 22 22 22 22 22 22 22 22 22 22 77 77 77 22 22 22 22 22 22 22 22 22 22 22 22 22 22 22 22 22 22 22 22 22 22 22 20 20 20 20 20 20 20 20 20 20
 77 77 77 77 77 77 24 24 24 24 22 22 22 22 22 22 22 22 22 22 22 22 22 22 22 77 77 22 22 22 22 22 22 22 22 22 22 22 22 22 22 22 22 22 22 22 22 22 22 22 20 20 20 20 20 20 20 20 20 20
 77 77 77 24 24 24 24 24 24 24 22 22 22 22 22 22 22 22 22 22 22 22 22 22 22 22 22 22 22 22 22 22 22 22 22 22 22 22 22 22 22 22 22 22 22 22 22 22 22 22 20 20 20 20 20 20 20 20 20 20
 24 24 24 24 24 24 24 24 24 24 22 22 22 22 22 22 22 22 22 22 22 22 22 22 77 22 22 22 22 22 22 22 22 22 22 22 22 22 22 22 22 22 22 22 22 22 22 22 22 22 20 20 20 20 20 20 20 20 20 20
 24 24 24 24 24 24 24 24 24 24 22 22 22 22 22 22 22 22 22 22 22 22 22 77 22 22 22 22 22 22 22 22 22 22 22 22 22 22 22 22 22 22 22 22 22 22 22 22 22 22 20 20 20 20 20 20 20 20 20 20
 24 24 24 24 24 24 24 24 24 24 22 22 22 22 22 22 22 22 22 22 22 22 22 77 22 22 22 22 22 22 22 22 22 22 22 22 22 22 22 22 22 22 22 22 22 22 22 22 22 22 20 20 20 20 20 20 20 20 20 20
 24 24 24 24 24 24 24 24 24 24 22 22 22 22 22 22 22 22 22 22 22 77 77 22 22 22 22 22 22 22 22 22 22 22 22 22 22 22 22 22 22 22 22 22 22 22 22 22 22 22 20 20 20 20 20 20 20 20 20 20
 24 24 24 24 24 24 24 24 24 24 22 22 22 22 22 22 22 22 22 22 22 22 22 22 22 22 22 22 22 22 22 22 22 22 22 22 22 22 22 22 22 22 22 22 22 22 22 22 22 22 20 20 20 20 20 20 20 20 20 20
 24 24 24 24 24 24 24 24 24 24 22 22 22 22 22 22 22 22 22 22 22 77 22 22 22 22 22 22 22 22 22 22 22 22 22 22 22 22 22 22 22 22 22 22 22 22 22 22 22 22 20 20 20 20 20 20 20 20 20 20
 24 24 24 24 24 24 24 24 24 24 22 22 22 22 22 22 22 22 22 22 77 77 22 22 22 22 22 22 22 22 22 22 22 22 22 22 22 22 22 22 22 22 22 22 22 22 22 22 22 22 20 20 20 20 20 20 20 20 20 20
 24 24 24 24 24 24 24 24 24 24 22 22 22 22 22 22 22 22 22 77 77 22 22 22 22 22 22 22 22 22 22 22 22 22 22 22 22 22 22 22 22 22 22 22 22 22 22 22 22 22 20 20 20 20 20 20 20 20 20 20
 24 24 24 24 24 24 24 24 24 24 22 22 22 22 22 22 22 22 22 77 22 22 22 22 22 22 22 22 22 22 22 22 22 22 22 22 22 22 22 22 22 22 22 22 22 22 22 22 22 22 20 20 20 20 20 20 20 20 20 20
 24 24 24 24 24 24 24 24 24 24 22 22 22 22 22 22 22 22 22 22 22 22 22 22 22 22 22 22 22 22 22 22 22 22 22 22 22 22 22 22 22 22 22 22 22 22 22 22 22 22 20 20 20 20 20 20 20 20 20 20
 24 24 24 24 24 24 24 24 24 77 22 22 22 22 22 22 22 22 22 22 22 22 22 22 22 22 22 22 22 22 22 22 22 22 22 22 22 22 22 22 22 22 22 22 22 22 22 22 22 22 20 20 20 20 20 20 20 20 20 20
 24 24 24 24 24 24 24 24 77 24 22 22 22 22 22 22 22 22 22 22 22 22 22 22 22 22 22 22 22 22 22 22 22 22 22 22 22 22 22 22 22 22 22 22 22 22 22 22 22 22 20 20 20 20 20 20 20 20 20 20
 24 24 24 24 24 24 24 77 77 24 22 22 22 22 77 22 22 22 22 22 22 22 22 22 22 22 22 22 22 22 22 22 22 22 22 22 22 22 22 22 22 22 22 22 22 22 22 22 22 22 20 20 20 20 20 20 20 20 20 20
 24 24 24 24 24 24 24 24 77 24 22 22 22 77 77 22 22 22 22 22 22 22 22 22 22 22 22 22 22 22 22 22 22 22 22 22 22 22 22 22 22 22 22 22 22 22 22 22 22 22 20 20 20 20 20 20 20 20 20 20
 24 24 24 24 24 24 24 24 24 24 22 22 22 22 22 22 22 22 22 22 22 22 22 22 22 22 22 22 22 22 22 22 22 22 22 22 22 22 22 22 22 22 22 22 22 22 22 22 22 22 20 20 20 20 20 20 20 20 20 20
 24 24 24 24 24 24 24 24 24 24 22 22 22 22 22 22 22 22 22 22 22 22 22 22 22 22 22 22 22 22 22 22 22 22 22 22 22 22 22 22 22 22 22 22 22 22 22 22 22 22 20 20 20 20 20 20 20 20 20 20
 24 24 24 24 24 24 24 24 24 24 22 22 22 22 22 22 22 22 22 22 22 22 22 22 22 22 22 22 22 22 22 22 22 22 22 22 22 22 22 22 22 22 22 22 22 22 22 22 22 22 20 20 20 20 20 20 20 20 20 20
 24 24 24 24 24 24 24 24 24 24 22 22 22 22 22 22 22 22 22 22 22 22 22 22 22 22 22 22 22 22 22 22 22 22 22 22 22 22 22 22 22 22 22 22 22 22 22 22 22 22 20 20 20 20 20 20 20 20 20 20
 24 24 24 24 24 24 24 24 24 24 22 22 22 22 22 22 22 22 22 22 22 22 22 22 22 22 22 22 22 22 22 22 22 22 22 22 22 22 22 22 22 22 22 22 22 22 22 22 22 22 20 20 20 20 20 20 20 20 20 20
 24 24 24 24 24 24 24 24 24 24 22 22 22 22 22 22 22 22 22 22 22 22 22 22 22 22 22 22 22 22 22 22 22 22 22 22 22 22 22 22 22 22 22 22 22 22 22 22 22 22 20 20 20 20 20 20 20 20 20 20
 24 24 24 24 24 24 24 24 24 24 22 22 22 22 22 22 22 22 22 22 22 22 22 22 22 22 22 22 22 22 22 22 22 22 22 22 22 22 22 22 22 22 22 22 22 22 22 22 22 22 20 20 20 20 20 20 20 20 20 20
 24 24 24 24 24 24 24 24 24 24 22 22 22 22 22 22 22 22 22 22 22 22 22 22 22 22 22 22 22 22 22 22 22 22 22 22 22 22 22 22 22 22 22 22 22 22 22 22 22 22 20 20 20 20 20 20 20 20 20 20
 24 24 24 24 24 24 24 24 24 24 22 22 22 22 22 22 22 22 22 22 22 22 22 22 22 22 22 22 22 22 22 22 22 22 22 22 22 22 22 22 22 22 22 22 22 22 22 22 22 22 20 20 20 20 20 20 20 20 20 20
 24 24 24 24 24 24 24 24 24 24 22 77 77 22 22 22 22 22 22 22 22 22 22 22 22 22 22 22 22 22 22 22 22 22 22 22 22 22 22 22 22 22 22 22 22 22 22 22 22 22 20 20 20 20 20 20 20 20 20 20
 24 24 24 24 24 24 24 24 24 24 22 77 77 77 22 22 22 22 22 22 22 22 22 22 22 22 22 22 22 22 22 22 22 22 22 22 22 22 22 22 22 22 22 22 22 22 22 22 22 22 20 20 20 20 20 20 20 20 20 20
 24 24 24 24 24 24 24 24 24 24 22 22 22 77 22 22 22 22 22 22 22 22 22 22 22 22 22 22 22 22 22 22 22 22 22 22 22 22 22 22 22 22 22 22 22 22 22 22 22 22 20 20 20 20 20 20 20 20 20 20
