 20 20 20 20 20 20 20 20 20 20 20 20 20 20 20 20 20 20 20 20 20 20 20 20 20 20 20 20 20 20 20 20 20 20 20 77 77 77 77 60 77 77 60 60 60 60 60 60 60 60 60 60 60 60 60 60 60 60 60 60
 20 20 20 20 20 20 20 20 20 20 20 20 20 20 20 20 20 20 20 20 20 20 20 20 20 20 20 20 20 20 20 20 20 20 20 77 77 77 77 60 60 77 60 60 60 60 60 60 60 60 60 60 60 60 60 60 60 60 60 60
 20 20 20 20 20 20 20 20 20 20 20 20 20 20 20 20 20 20 20 20 20 20 20 20 20 20 20 20 20 20 20 20 20 20 20 77 77 77 77 60 60 60 60 60 60 60 60 60 60 60 60 60 60 60 60 60 60 60 60 60
 20 20 20 20 20 20 20 20 20 20 20 20 20 20 20 20 20 20 20 20 20 20 20 20 20 20 20 20 20 20 20 20 20 20 20 77 77 77 60 60 60 60 60 60 60 60 60 60 60 60 60 60 60 60 60 60 60 60 60 60
 20 20 20 20 20 20 20 20 20 20 20 20 20 20 20 20 20 20 20 20 20 20 20 20 20 20 20 20 20 20 20 20 20 20 77 77 77 77 60 60 60 60 60 60 60 60 60 60 60 60 60 60 60 60 60 60 60 60 60 60
 20 20 20 20 20 20 20 20 20 20 20 20 20 20 20 20 20 20 20 20 20 20 20 20 20 20 20 20 20 20 20 20 20 20 77 77 77 60 60 60 60 60 60 60 60 60 60 60 60 60 60 60 60 60 60 60 60 60 60 60
 20 20 20 20 20 20 20 20 20 20 20 20 20 20 20 20 20 20 20 20 20 20 20 20 20 20 20 20 20 20 20 20 20 20 77 77 77 60 60 60 60 60 60 60 60 60 60 60 60 60 60 60 60 60 60 60 60 60 60 60
 20 20 20 20 20 20 20 20 20 20 20 20 20 20 20 20 20 20 20 20 20 20 20 20 20 20 20 20 20 20 20 20 20 20 77 77 77 60 60 60 60 60 60 60 60 60 60 60 60 60 60 60 60 60 60 60 60 60 60 60
 20 20 20 20 20 20 20 20 20 20 20 20 20 20 20 20 20 20 20 20 20 20 20 20 20 20 20 20 20 20 20 20 20 77 20 77 77 60 60 60 60 60 60 60 60 60 60 60 60 60 60 60 60 60 60 60 60 60 60 60
 20 20 20 20 20 20 20 20 20 20 20 20 20 20 20 20 20 20 20 20 20 20 20 20 20 20 20 20 20 20 20 20 20 77 20 77 77 60 60 60 60 60 60 60 60 60 60 60 60 60 60 60 60 60 60 60 60 60 60 60
 20 20 20 20 20 20 20 20 20 20 20 20 20 20 20 20 20 20 20 20 20 20 20 20 20 20 20 20 20 20 20 20 20 77 20 60 60 60 60 60 60 60 60 60 60 60 60 60 60 60 60 60 60 60 60 60 60 60 60 60
 20 20 20 20 20 20 20 20 20 20 20 20 20 20 20 20 20 20 20 20 20 20 20 77 20 20 20 20 20 20 20 20 20 20 20 60 60 60 60 60 60 60 60 60 60 60 60 60 60 60 60 60 60 60 60 60 60 60 60 60
 20 20 20 20 20 20 20 20 20 20 20 20 20 20 20 20 20 20 20 20 20 20 20 20 20 20 20 20 20 20 20 20 20 20 20 77 60 60 60 60 60 60 60 60 60 60 60 60 60 60 60 60 60 60 60 60 60 60 60 60
 20 20 20 20 20 20 20 20 20 20 20 20 20 20 20 20 20 20 20 20 20 20 20 77 20 20 20 20 20 77 77 20 20 20 77 77 77 60 77 60 60 60 60 60 60 60 60 60 60 60 60 60 60 60 60 60 60 60 60 60
 20 20 20 20 20 20 20 20 20 20 20 20 20 20 20 20 20 20 20 20 20 20 20 20 20 20 20 20 20 20 77 77 77 20 77 77 77 60 77 60 60 60 60 60 60 60 60 60 60 60 60 60 60 60 60 60 60 60 60 60
 20 20 20 20 20 20 20 20 20 20 20 20 20 20 20 20 20 20 20 20 20 20 20 20 77 20 20 20 20 20 77 77 77 77 77 77 77 77 77 60 60 60 60 60 60 60 60 60 60 60 60 60 60 60 60 60 60 60 60 60
 20 20 20 20 20 20 20 20 20 20 20 20 20 20 20 20 20 20 20 20 20 20 20 20 77 20 20 20 20 77 77 77 77 20 77 77 60 77 77 77 60 60 60 60 60 60 60 60 60 60 60 60 60 60 60 60 60 60 60 60
 20 20 20 20 20 20 20 20 20 20 20 20 20 20 20 20 20 20 20 20 20 20 20 20 20 77 20 20 20 20 77 77 77 77 77 77 60 77 77 77 77 60 60 60 60 60 60 60 60 60 60 60 60 60 60 60 60 60 60 60
 20 20 20 20 20 20 20 20 20 20 20 20 20 20 20 20 20 20 20 20 20 20 20 20 20 77 20 20 77 77 77 77 77 77 77 77 77 77 77 77 77 60 60 60 60 60 60 60 60 60 60 60 60 60 60 60 60 60 60 60
 20 20 20 20 20 20 20 20 20 20 20 20 20 20 20 20 20 20 20 20 20 20 20 20 20 77 77 20 77 77 77 77 77 77 77 77 77 77 77 77 77 60 60 60 60 60 60 60 60 60 60 60 60 60 60 60 60 60 60 60
 20 20 20 20 20 20 20 20 20 20 20 20 20 20 20 20 20 20 20 20 20 20 20 20 20 77 77 20 77 77 77 77 77 77 77 77 77 77 77 77 77 60 60 60 60 60 60 60 60 60 60 60 60 60 60 60 60 60 60 60
 20 20 20 20 20 20 20 20 20 20 20 20 20 20 20 20 20 20 20 20 20 20 20 20 20 20 77 77 77 77 77 77 77 77 77 77 77 77 77 77 77 60 60 60 60 60 60 60 60 60 60 60 60 60 60 60 60 60 60 60
 20 20 20 20 20 20 20 20 20 20 20 20 20 20 20 20 20 20 20 20 20 20 20 20 20 20 77 77 77 77 77 77 77 77 77 77 77 77 77 77 77 60 60 60 60 60 60 60 60 60 60 60 60 60 60 60 60 60 60 60
 20 20 20 20 20 20 20 20 20 20 20 20 20 20 20 20 20 20 20 20 20 20 20 20 20 20 20 77 77 77 77 77 77 77 77 77 77 77 77 77 77 77 60 60 60 60 60 60 60 60 60 60 60 60 60 60 60 60 60 60
 20 20 20 20 20 20 20 20 20 20 20 20 20 20 20 20 20 20 20 20 20 20 20 20 20 20 20 77 77 77 77 77 77 77 77 77 77 77 77 77 77 60 60 60 60 60 60 60 60 60 60 60 60 60 60 60 60 60 60 60
 20 20 20 20 20 20 20 20 20 20 20 20 20 20 20 20 20 20 20 20 20 20 20 20 20 20 77 77 77 77 77 77 77 77 77 77 77 77 77 77 77 60 60 60 60 60 60 60 60 60 60 60 60 60 60 60 60 60 60 60
 20 20 20 20 20 20 20 20 20 20 20 20 20 20 20 20 20 20 20 20 20 20 20 20 20 20 20 77 77 77 77 77 77 77 77 77 77 77 77 77 77 60 60 60 60 60 60 60 60 60 60 60 60 60 60 60 60 60 60 60
 20 20 20 20 20 20 20 20 20 20 20 20 20 20 20 20 20 20 20 20 20 20 20 20 20 20 20 77 77 20 77 77 77 77 77 77 77 77 77 77 77 60 60 60 60 60 60 60 60 60 60 60 60 60 60 60 60 60 60 60
 20 20 20 20 20 20 20 20 20 20 20 20 20 20 20 20 20 20 20 20 20 20 20 20 20 20 20 20 20 77 77 77 77 77 77 77 77 77 77 77 77 60 60 60 60 60 60 60 60 60 60 60 60 60 60 60 60 60 60 60
 20 20 20 20 20 20 20 20 20 20 20 20 20 20 20 20 20 20 20 20 20 20 20 20 20 20 20 20 20 77 77 77 77 77 77 77 77 77 77 77 77 60 60 60 60 60 60 60 60 60 60 60 60 60 60 60 60 60 60 60
 20 20 20 20 20 20 20 20 20 20 20 20 20 20 20 20 20 20 20 20 20 20 20 20 20 20 20 20 20 77 77 77 77 77 77 77 77 77 77 77 77 60 60 60 60 60 60 60 60 60 60 60 60 60 60 60 60 60 60 60
 20 20 20 20 20 20 20 20 20 20 20 20 20 20 20 20 20 20 20 20 20 20 20 20 20 20 20 20 20 20 77 77 77 77 77 77 77 77 77 77 77 60 60 60 60 60 60 60 60 60 60 60 60 60 60 60 60 60 60 60
 20 20 20 20 20 20 20 20 20 20 20 20 20 20 20 20 20 20 20 20 20 20 20 20 20 20 20 20 20 20 77 77 77 77 77 77 77 77 77 77 77 60 60 60 60 60 60 60 60 60 60 60 60 60 60 60 60 60 60 60
 20 20 20 20 20 20 20 20 20 20 20 20 20 20 20 20 20 20 20 20 20 20 20 20 20 20 20 20 20 20 77 77 77 77 77 77 77 77 77 77 77 60 60 60 60 60 60 60 60 60 60 60 60 60 60 60 60 60 60 60
 20 20 20 20 20 20 20 20 20 20 20 20 20 20 20 20 20 20 20 20 20 20 20 20 20 20 20 20 20 20 77 77 77 77 77 77 77 77 77 77 60 60 60 60 60 60 60 60 60 60 60 60 60 60 60 60 60 60 60 60
 20 20 20 20 20 20 20 20 20 20 20 20 20 20 20 20 20 20 20 20 20 20 20 20 20 20 20 20 20 20 77 77 77 77 77 77 77 77 77 77 60 60 60 60 60 60 60 60 60 60 60 60 60 60 60 60 60 60 60 60
 20 20 20 20 20 20 20 20 20 20 20 20 20 20 20 20 20 20 20 20 20 20 20 20 20 20 20 20 20 20 77 77 77 77 77 77 77 77 77 77 60 60 60 60 60 60 60 60 60 60 60 60 60 60 60 60 60 60 60 60
 20 20 20 20 20 20 20 20 20 20 20 20 20 20 20 20 20 20 20 20 20 20 20 20 20 20 20 20 20 20 77 77 77 77 77 77 77 77 77 77 60 60 60 60 60 60 60 60 60 60 60 60 60 60 60 60 60 60 60 60
 20 20 20 20 20 20 20 20 20 20 20 20 20 20 20 20 20 20 20 20 20 20 20 20 20 20 20 20 20 77 77 77 77 77 77 77 77 77 77 77 60 60 60 60 60 60 60 60 60 60 60 60 60 60 60 60 60 60 60 60
 20 20 20 20 20 20 20 20 20 20 20 20 20 20 20 20 20 20 20 20 20 20 20 20 20 20 20 20 20 77 77 77 77 77 77 77 77 77 77 77 60 60 60 60 60 60 60 60 60 60 60 60 60 60 60 60 60 60 60 60
 20 20 20 20 20 20 20 20 20 20 20 20 20 20 20 20 20 20 20 20 20 20 20 20 20 20 20 20 20 77 77 77 77 77 77 77 77 77 77 77 60 60 60 60 60 60 60 60 60 60 60 60 60 60 60 60 60 60 60 60
 20 20 20 20 20 20 20 20 20 20 20 20 20 20 20 20 20 20 20 20 20 20 20 20 20 20 20 20 20 77 77 77 77 77 77 77 77 77 77 77 60 60 60 60 60 60 60 60 60 60 60 60 60 60 60 60 60 60 60 60
 20 20 20 20 20 20 20 20 20 20 20 20 20 20 20 20 20 20 20 20 20 20 20 20 20 20 20 20 77 77 77 77 77 77 77 77 77 77 77 60 60 60 60 60 60 60 60 60 60 60 60 60 60 60 60 60 60 60 60 60
 20 20 20 20 20 20 20 20 20 20 20 20 20 20 20 20 20 20 20 20 20 20 20 20 20 20 20 77 77 77 77 77 77 77 77 77 77 77 77 60 60 60 60 60 60 60 60 60 60 60 60 60 60 60 60 60 60 60 60 60
 20 20 20 20 20 20 20 20 20 20 20 20 20 20 20 20 20 20 20 20 20 20 20 20 20 20 77 77 77 77 77 77 77 77 77 77 77 77 77 77 60 60 60 60 60 60 60 60 60 60 60 60 60 60 60 60 60 60 60 60
 20 20 20 20 20 20 20 20 20 20 20 20 20 20 20 20 20 20 20 20 20 20 20 20 20 20 77 77 77 77 77 77 77 77 77 77 77 77 77 77 60 60 60 60 60 60 60 60 60 60 60 60 60 60 60 60 60 60 60 60
 20 20 20 20 20 20 20 20 20 20 20 20 20 20 20 20 20 20 20 20 20 20 20 20 20 77 77 77 77 77 77 77 77 77 77 77 77 77 77 77 60 60 60 60 60 60 60 60 60 60 60 60 60 60 60 60 60 60 60 60
 20 20 20 20 20 20 20 20 20 20 20 20 20 20 20 20 20 20 20 20 20 20 20 77 77 77 77 77 77 77 77 77 77 77 77 77 77 77 77 77 60 60 60 60 60 60 60 60 60 60 60 60 60 60 60 60 60 60 60 60
 20 20 20 20 20 20 20 20 20 20 20 20 20 20 20 20 20 20 20 20 20 20 20 77 20 77 77 77 77 77 77 77 77 77 77 77 77 77 77 77 60 60 60 60 60 60 60 60 60 60 60 60 60 60 60 60 60 60 60 60
 20 20 20 20 20 20 20 20 20 20 20 20 20 20 20 20 20 20 20 20 20 20 20 77 77 77 77 77 77 77 77 77 77 77 77 77 77 77 77 77 60 60 60 60 60 60 60 60 60 60 60 60 60 60 60 60 60 60 60 60
 20 20 20 20 20 20 20 20 20 20 20 20 20 20 20 20 20 20 20 20 20 20 20 77 77 77 77 77 77 77 77 77 77 77 77 77 77 77 77 77 60 60 60 60 60 60 60 60 60 60 60 60 60 60 60 60 60 60 60 60
 20 20 20 20 20 20 20 20 20 20 20 20 20 20 20 20 20 20 20 20 20 20 77 77 77 77 77 77 77 77 77 77 77 77 77 77 77 77 77 77 77 60 60 60 60 60 60 60 60 60 60 60 60 60 60 60 60 60 60 60
 20 20 20 20 20 20 20 20 20 20 20 20 20 20 20 20 20 20 20 20 77 77 77 77 77 77 77 77 77 77 77 77 77 77 77 77 77 77 77 77 77 60 60 60 60 60 60 60 60 60 60 60 60 60 60 60 60 60 60 60
 20 20 20 20 20 20 20 20 20 20 20 20 20 20 20 20 20 20 20 77 77 77 77 77 77 77 77 77 77 77 77 77 77 77 77 77 77 77 77 77 60 60 60 60 60 60 60 60 60 60 60 60 60 60 60 60 60 60 60 60
 20 20 20 20 20 20 20 20 20 20 20 20 20 20 20 20 20 20 20 77 77 77 77 77 77 77 77 77 77 77 77 77 77 77 77 77 77 77 77 77 60 77 77 60 60 60 60 60 60 60 60 60 60 60 60 60 60 60 60 60
 20 20 20 20 20 20 20 20 20 20 77 77 77 77 20 20 20 77 77 77 77 77 77 77 77 77 77 77 77 77 77 77 77 77 77 77 77 77 77 77 60 77 77 77 77 60 60 60 60 60 60 60 60 60 60 60 60 60 60 60
 20 20 20 20 20 20 20 20 77 77 77 77 77 77 77 77 77 77 77 77 77 77 77 77 77 77 77 77 77 77 77 77 77 77 77 77 77 77 77 77 60 77 77 77 77 60 60 60 60 60 60 60 60 60 60 60 60 60 60 60
 20 20 20 20 20 20 20 77 77 77 77 77 77 77 77 77 77 77 77 77 77 77 77 77 77 77 77 77 77 77 77 77 77 77 77 77 77 77 77 77 60 77 77 77 77 60 77 60 60 60 60 60 60 60 60 60 60 60 60 60
 20 20 20 20 20 77 77 77 77 77 77 77 77 77 77 77 77 77 77 77 77 77 77 77 77 77 77 77 77 77 77 77 77 77 77 77 77 77 77 77 60 77 77 77 77 60 77 60 60 60 60 60 60 60 60 60 60 60 60 60
 20 20 20 20 77 77 77 77 77 77 77 77 77 77 77 77 77 77 77 77 77 77 77 77 77 77 77 77 77 77 77 77 77 77 77 77 77 77 77 77 60 77 77 77 77 77 77 60 60 60 60 60 60 60 60 60 60 60 60 60
 20 20 20 20 77 77 77 77 77 77 77 77 77 77 77 77 77 77 77 77 77 77 77 77 77 77 77 77 77 77 77 77 77 77 77 77 77 77 77 77 60 60 77 77 77 60 77 77 60 60 60 60 60 60 60 60 60 60 60 60
 20 20 20 77 77 77 77 77 77 77 77 77 77 77 77 77 77 77 77 77 77 77 77 77 77 77 77 77 77 77 77 77 77 77 77 77 77 77 77 77 60 77 77 77 77 77 77 77 60 60 60 60 60 60 60 60 60 60 60 60
 20 20 77 77 77 77 77 77 77 77 77 77 77 77 77 77 77 77 77 77 77 77 77 77 77 77 77 77 77 77 77 77 77 77 77 77 77 77 77 60 77 77 77 77 77 77 77 77 60 60 60 60 60 60 60 60 60 60 60 60
 20 77 77 77 77 77 77 77 77 77 77 77 77 77 77 77 77 77 77 77 77 77 77 77 77 77 77 77 77 77 77 77 77 77 77 77 77 77 77 77 77 77 77 77 60 77 77 77 60 60 60 60 60 60 60 60 60 60 60 60
 77 77 77 77 77 77 77 77 77 77 77 77 77 77 77 77 77 77 77 77 77 77 77 77 77 77 77 77 77 77 77 77 77 77 77 77 77 77 77 77 77 77 77 77 60 77 77 60 60 60 60 60 60 60 60 60 60 60 60 60
 77 77 77 77 77 77 77 77 77 77 77 77 77 77 77 77 77 77 77 77 77 77 77 77 77 77 77 77 77 77 77 77 77 77 77 77 77 77 77 77 77 77 77 77 60 77 77 77 60 60 60 60 60 60 60 60 60 60 60 60
 20 77 77 77 77 77 77 77 77 77 77 77 77 77 77 77 77 77 77 77 77 77 77 77 77 77 77 77 77 77 77 77 77 77 77 77 77 77 77 77 77 77 77 60 77 77 77 77 60 60 60 60 60 60 60 60 60 60 60 60
 77 77 77 77 77 77 77 77 77 77 77 77 77 77 77 77 77 77 77 77 77 77 77 77 77 77 77 77 77 77 77 77 77 77 77 77 77 77 77 77 77 77 77 60 77 77 60 77 60 60 60 60 60 60 60 60 60 60 60 60
 77 77 77 77 77 77 77 77 77 77 77 77 77 77 77 77 77 77 77 77 77 77 77 77 77 77 77 77 77 77 77 77 77 77 77 77 77 77 77 77 77 77 77 60 77 77 60 77 77 60 60 60 60 60 60 60 60 60 60 60
 77 77 77 77 77 77 77 77 77 77 77 77 77 77 77 77 77 77 77 77 77 77 77 77 77 77 77 77 77 77 77 77 77 77 77 77 77 77 77 77 77 77 77 60 77 77 60 77 77 60 60 60 60 60 60 60 60 60 60 60
 77 77 77 77 77 77 77 77 77 77 77 77 77 77 77 77 77 77 77 77 77 77 77 77 77 77 77 77 77 77 77 77 77 77 77 77 77 77 77 77 77 77 77 60 60 77 77 60 60 60 60 60 60 60 60 60 60 60 60 60
 77 77 77 77 77 77 77 77 77 77 77 77 77 77 77 77 77 77 77 77 77 77 77 77 77 77 77 77 77 77 77 77 77 77 77 77 77 77 77 77 77 77 77 60 60 77 77 60 60 60 60 60 60 60 60 60 60 60 60 60
 77 77 77 77 77 77 77 77 77 77 77 77 77 77 77 77 77 77 77 77 77 77 77 77 77 77 77 77 77 77 77 77 77 77 77 77 77 77 77 77 77 77 77 77 60 77 60 60 60 60 60 60 60 60 60 60 60 60 60 60
 77 77 77 77 77 77 77 77 77 77 77 77 77 77 77 77 77 77 77 77 77 77 77 77 77 77 77 77 77 77 77 77 77 77 77 77 77 77 77 77 77 77 77 77 60 77 60 60 60 60 60 60 60 60 60 60 60 60 60 60
 77 77 77 77 77 77 77 77 77 77 77 77 77 77 77 77 77 77 77 77 77 77 77 77 77 77 77 77 77 77 77 77 77 77 77 77 77 77 77 77 77 77 77 77 60 77 60 77 60 77 60 60 60 60 60 60 60 60 60 60
 77 77 77 77 77 77 77 77 77 77 77 77 77 77 77 77 77 77 77 77 77 77 77 77 77 77 77 77 77 77 77 77 77 77 77 77 77 77 77 77 77 77 60 77 60 77 77 60 77 77 60 60 60 60 60 60 60 60 60 60
 77 77 77 77 77 77 77 77 77 77 77 77 77 77 77 77 77 77 77 77 77 77 77 77 77 77 77 77 77 77 77 77 77 77 77 77 77 77 77 77 77 60 60 60 60 77 77 60 77 77 60 60 60 60 60 60 60 60 60 60
 77 77 77 77 77 77 77 77 77 77 77 77 77 77 77 77 77 77 77 77 77 77 77 77 77 77 77 77 77 77 77 77 77 77 77 77 77 77 77 77 77 60 77 60 60 77 60 77 77 60 60 60 60 60 60 60 60 60 60 60
 77 77 77 77 77 77 77 77 77 77 77 77 77 77 77 77 77 77 77 77 77 77 77 77 77 77 77 77 77 77 77 77 77 77 77 77 77 77 60 77 77 60 77 60 60 77 77 77 77 60 60 60 60 60 60 60 60 60 60 60
 77 77 77 77 77 77 77 77 77 77 77 77 77 77 77 77 77 77 77 77 77 77 77 77 77 77 77 77 77 77 77 77 77 77 77 77 77 77 77 60 60 60 77 77 60 77 77 77 77 60 60 60 60 60 60 60 60 60 60 60
 77 77 77 77 77 77 77 77 77 77 77 77 77 77 77 77 77 77 77 77 77 77 77 77 77 77 77 77 77 77 77 77 77 77 77 77 77 77 77 77 60 77 77 77 60 77 77 77 77 60 77 60 60 60 60 60 60 60 60 60
 77 77 77 77 77 77 77 77 77 77 77 77 77 77 77 77 77 77 77 77 77 77 77 77 77 77 77 77 77 77 77 77 77 77 77 77 77 77 77 77 60 77 77 77 60 77 77 60 77 60 60 60 60 60 60 60 60 60 60 60
 77 77 77 77 77 77 77 77 77 77 77 77 77 77 77 77 77 77 77 77 77 77 77 77 77 77 77 77 77 77 77 77 77 77 77 77 77 77 77 77 60 77 77 77 60 77 60 60 77 60 60 60 60 60 60 60 60 60 60 60
 77 77 77 77 77 77 77 77 77 77 77 77 77 77 77 77 77 77 77 77 77 77 77 77 77 77 77 77 77 77 77 77 77 77 77 77 77 77 77 77 77 77 77 60 60 77 77 77 77 77 77 60 60 60 60 60 60 60 60 60
 77 77 77 77 77 77 77 77 77 77 77 77 77 77 77 77 77 77 77 77 77 77 77 77 77 77 77 77 77 77 77 77 77 77 77 77 77 77 60 77 77 77 77 77 77 77 77 77 77 77 77 60 60 60 60 60 60 60 60 60
 77 77 77 77 77 77 77 77 77 77 77 77 77 77 77 77 77 77 77 77 77 77 77 77 77 77 77 77 77 77 77 77 77 77 77 77 77 77 77 77 77 77 77 77 77 77 77 77 60 77 77 60 60 60 60 60 60 60 60 60
 77 77 77 77 77 77 77 77 77 77 77 77 77 77 77 77 77 77 77 77 77 77 77 77 77 77 77 77 77 63 63 77 77 77 77 77 77 77 77 77 77 77 77 77 77 60 77 77 77 77 77 77 60 60 60 60 60 60 60 60
 77 77 77 77 77 77 77 77 77 77 77 77 77 77 77 77 77 77 77 77 77 77 77 77 77 77 77 77 63 63 63 63 77 77 77 77 77 77 77 77 77 60 77 77 60 77 77 60 77 77 77 77 60 60 60 60 60 60 60 60
 77 77 77 77 77 77 77 77 77 77 77 77 77 77 77 77 77 77 77 77 77 77 77 77 77 77 77 77 63 63 63 63 77 77 77 77 77 77 77 77 60 60 60 77 77 77 77 60 77 77 77 77 60 60 60 60 60 60 60 60
 77 77 77 77 77 77 77 77 77 77 77 77 77 77 77 77 77 77 77 77 77 77 77 77 77 77 77 77 63 63 63 63 63 77 77 77 77 77 77 77 60 60 60 77 77 77 77 77 77 77 77 77 60 60 60 60 60 60 60 60
 77 77 77 77 77 77 77 77 77 77 77 77 77 77 77 77 77 77 77 77 77 77 77 77 77 77 77 63 63 63 63 63 63 63 77 77 77 77 77 77 77 77 77 60 77 77 77 60 77 77 77 77 60 60 60 60 60 60 60 60
 77 77 77 77 77 77 77 77 77 77 77 77 77 77 77 77 77 77 77 77 77 77 77 77 77 77 77 63 63 63 63 63 63 63 77 77 77 77 77 60 77 77 77 77 77 77 77 77 77 77 77 77 60 60 60 60 60 60 60 60
 77 77 77 77 77 77 77 77 77 77 77 77 77 77 77 77 77 77 77 77 77 77 77 77 77 77 63 63 63 63 63 63 63 63 77 77 77 77 60 60 77 77 77 77 77 77 77 77 77 77 77 77 60 60 60 60 60 60 60 60
 77 77 77 77 77 77 77 77 77 77 77 77 77 77 77 77 77 77 77 77 77 77 77 77 77 77 63 63 63 63 63 63 63 77 77 77 77 77 77 60 77 77 77 77 77 77 77 77 77 77 77 77 77 60 60 60 60 60 60 60
 77 77 77 77 77 77 77 77 77 77 77 77 77 77 77 77 77 77 77 77 77 77 77 77 77 77 63 63 63 63 63 63 63 77 77 77 77 77 77 77 77 77 77 77 77 77 77 77 77 77 77 77 77 60 60 60 60 60 60 60
 77 77 77 77 77 77 77 77 77 77 77 77 77 77 77 77 77 77 77 77 77 77 77 77 77 77 63 63 63 63 63 63 63 77 77 77 77 77 77 77 77 77 77 77 77 77 77 77 77 77 77 77 77 60 60 60 60 60 60 60
 77 77 77 77 77 77 77 77 77 77 77 77 77 77 77 77 77 77 77 77 77 77 77 77 77 77 63 63 63 63 63 63 77 63 77 77 77 77 77 77 77 77 77 77 77 77 77 77 77 77 77 77 77 60 60 60 60 60 60 60
 77 77 77 77 77 77 77 77 77 77 77 77 77 77 77 77 77 77 77 77 77 77 77 77 77 63 63 63 63 63 63 63 77 77 77 63 77 77 77 77 77 77 77 77 77 77 77 77 77 77 77 77 77 60 60 60 60 60 60 60
 77 77 77 77 77 77 77 77 77 77 77 77 77 77 77 77 77 77 77 77 77 77 77 63 63 63 63 63 63 63 63 63 63 77 77 63 63 77 77 77 77 77 77 77 77 77 77 77 77 77 77 77 77 60 60 60 60 60 60 60
 10 10 77 77 77 77 77 77 77 77 77 77 77 77 77 77 77 77 77 77 77 77 63 63 63 63 63 63 63 63 63 63 63 77 63 63 63 63 63 77 77 77 77 77 77 77 77 77 77 77 77 77 77 60 60 60 60 60 60 60
 10 10 10 77 77 77 77 77 77 77 77 77 77 77 77 77 77 77 77 77 77 77 63 63 77 63 77 63 63 63 63 77 77 63 63 63 63 63 63 77 77 77 77 77 77 77 77 77 77 77 77 77 77 60 60 60 60 60 60 60
 10 10 10 77 77 77 77 77 77 77 77 77 77 77 77 77 77 77 77 77 77 77 77 77 77 63 63 63 77 63 63 63 63 77 63 63 63 63 63 77 77 77 77 77 66 66 77 77 77 77 77 77 77 60 60 60 60 60 60 60
 10 10 10 10 77 77 77 77 77 77 77 77 77 77 77 77 77 77 77 77 77 77 77 77 77 77 63 63 77 77 77 77 77 77 77 77 63 77 63 77 77 77 77 77 66 66 66 77 77 77 77 77 77 60 60 60 60 60 60 60
 10 10 10 10 77 77 77 77 77 77 77 77 77 77 77 77 77 77 77 77 77 77 77 77 77 77 77 77 77 77 77 77 77 63 77 77 63 77 77 77 77 77 77 77 66 66 66 77 77 77 77 77 77 60 60 60 60 60 60 60
 10 10 10 10 10 10 10 77 77 77 77 77 77 77 77 77 77 77 77 77 77 77 77 77 77 77 77 77 77 77 77 77 77 63 77 77 63 77 77 77 77 77 77 66 66 66 66 66 77 77 77 77 77 60 60 60 60 60 60 60
 10 10 10 10 10 10 10 10 10 77 77 77 77 77 77 77 77 77 77 77 77 77 77 77 77 77 77 77 77 77 77 77 77 63 77 77 77 77 77 77 77 77 77 66 66 66 66 66 66 77 77 77 77 60 60 60 60 60 60 60
 10 10 10 10 10 10 10 10 10 10 77 77 77 77 77 77 77 77 77 77 77 77 77 77 77 77 77 77 77 77 77 77 77 63 77 77 77 77 77 77 77 77 66 66 66 66 66 66 66 77 77 77 77 60 60 60 60 60 60 60
 10 10 10 10 10 10 10 10 10 10 10 77 77 77 77 77 77 77 77 77 77 77 77 77 77 77 77 77 77 77 77 77 63 77 77 77 77 77 77 77 77 77 66 66 66 66 66 77 77 77 77 77 77 60 60 60 60 60 60 60
 10 10 10 10 10 10 10 10 10 10 10 77 77 77 77 77 77 77 77 77 77 77 77 77 77 77 77 77 77 77 77 77 63 77 77 77 77 77 77 77 77 77 66 66 66 66 66 77 77 77 77 77 77 60 60 60 60 60 60 60
 10 10 10 10 10 10 10 10 10 10 10 77 77 77 77 77 77 77 77 77 77 77 77 77 77 77 77 77 77 77 77 63 77 77 77 77 77 77 77 77 77 66 66 66 66 66 77 77 77 66 77 77 77 77 60 60 60 60 60 60
 10 10 10 10 10 10 10 10 10 10 10 10 10 77 77 77 77 77 77 77 77 77 77 77 77 77 77 77 77 77 77 63 77 77 77 77 77 77 77 77 77 66 66 66 66 66 77 77 77 66 77 77 77 60 60 60 60 60 60 60
 10 10 10 10 10 10 10 10 10 10 10 10 10 10 77 77 77 77 77 77 77 77 77 77 77 77 77 77 77 63 63 63 77 77 77 77 77 77 77 77 77 66 66 66 66 66 77 77 77 66 77 77 77 60 60 60 60 60 60 60
 10 10 10 10 10 10 10 10 10 10 10 10 10 10 77 77 77 77 77 77 77 77 77 77 77 77 77 77 77 63 63 63 77 77 77 77 77 77 77 77 66 66 66 66 66 66 77 77 77 77 77 77 77 60 60 60 60 60 60 60
 10 10 10 10 10 10 10 10 10 10 10 10 10 10 77 77 77 77 77 77 77 77 77 77 77 77 77 77 77 63 63 77 77 77 77 61 77 77 66 66 66 66 66 66 66 66 77 77 77 77 77 77 77 60 60 60 60 60 60 60
 10 10 10 10 10 10 10 10 10 10 10 10 10 77 77 77 77 77 77 77 77 77 77 77 77 77 77 77 77 77 63 77 77 77 77 77 77 77 66 66 66 66 66 66 66 66 77 77 77 77 77 77 77 60 60 60 60 60 60 60
 10 10 10 10 10 10 10 10 10 10 10 10 10 10 77 77 77 10 77 77 77 77 77 77 77 77 77 77 77 77 77 61 77 77 61 77 77 77 66 66 66 66 66 66 66 66 77 77 77 77 77 77 77 60 60 60 60 60 60 60
 10 10 10 10 10 10 10 10 10 10 10 10 10 10 77 77 77 10 10 77 77 77 77 77 77 77 77 77 77 77 61 61 61 61 61 77 77 77 66 66 66 66 66 66 66 66 77 77 77 77 77 77 77 60 60 60 60 60 60 60
 10 10 10 10 10 10 10 10 10 10 10 10 10 10 77 77 77 10 10 77 77 77 77 77 77 77 77 77 77 61 61 61 61 61 61 77 77 66 66 66 66 66 66 66 66 66 77 77 77 77 77 77 77 60 60 60 60 60 60 60
 10 10 10 10 10 10 10 10 10 10 10 10 10 10 10 77 77 10 10 10 77 77 77 77 77 77 77 77 61 61 61 61 61 61 61 61 77 66 66 66 66 66 66 66 66 66 77 77 77 77 77 77 77 60 60 60 60 60 60 60
 10 10 10 10 10 10 10 10 10 10 10 10 10 10 10 77 77 10 10 10 77 77 77 77 77 77 61 61 61 61 61 61 61 61 61 61 66 66 66 66 66 66 66 66 66 66 77 77 77 77 77 77 60 60 60 60 60 60 60 60
 10 10 10 10 10 10 10 10 10 10 10 10 10 10 10 10 10 77 10 10 77 77 77 77 77 77 61 61 61 61 61 61 61 61 61 61 66 66 66 66 66 66 66 66 66 77 77 77 77 77 77 77 60 60 60 60 60 60 60 60
 10 10 10 10 10 10 10 10 10 10 10 10 10 10 10 10 10 77 77 10 10 77 77 77 77 61 61 61 61 61 61 61 61 61 61 61 66 66 66 66 66 66 66 66 66 77 77 77 77 77 77 77 77 60 60 60 60 60 60 60
 10 10 10 10 10 10 10 10 10 10 10 10 10 10 10 10 10 77 77 77 10 77 77 77 77 61 61 61 61 61 61 61 61 61 61 61 66 66 66 66 66 66 66 66 77 77 77 77 77 77 77 77 77 60 60 60 60 60 60 60
 10 10 10 10 10 10 10 10 10 10 10 10 10 10 10 10 10 77 77 77 77 77 77 77 61 61 61 61 61 61 61 61 61 61 61 61 66 66 66 66 66 66 66 66 77 77 77 77 77 77 77 77 77 60 60 60 60 60 60 60
 10 10 10 10 10 10 10 10 10 10 10 10 10 10 10 10 77 77 77 77 61 77 61 61 61 61 61 61 61 61 61 61 61 61 61 61 66 66 66 66 66 77 77 77 77 77 77 77 77 77 77 77 77 60 60 60 60 60 60 60
 10 10 10 10 10 10 10 10 10 10 10 10 10 10 10 10 10 77 77 77 61 61 61 61 61 61 61 61 61 61 61 61 61 61 61 61 66 66 66 77 77 77 77 77 77 77 77 77 77 77 77 77 77 60 60 60 60 60 60 60
 10 10 10 10 10 10 10 10 10 10 10 10 10 10 10 10 77 77 77 77 61 61 61 61 61 61 61 61 61 61 61 61 61 61 61 61 77 77 66 77 77 77 77 77 77 77 77 77 77 77 77 77 77 60 60 60 60 60 60 60
 10 10 10 10 10 10 10 10 10 10 10 10 10 10 10 10 10 10 61 61 61 61 61 61 61 61 61 61 61 61 61 61 61 61 61 77 77 77 77 77 77 77 77 77 77 77 77 77 77 77 77 77 77 60 60 60 60 60 60 60
 10 10 10 10 10 10 10 10 10 10 10 10 10 10 10 10 10 10 10 10 61 61 61 61 61 61 61 61 61 61 61 61 61 77 77 77 77 77 77 77 77 77 77 77 77 77 77 77 77 77 77 77 60 60 60 60 60 60 60 60
 10 10 10 10 10 10 10 10 10 10 10 10 10 10 10 10 10 10 10 10 10 10 10 61 61 61 61 61 61 61 61 61 77 77 77 77 77 77 77 77 77 77 77 77 77 77 77 77 77 77 77 77 77 60 60 60 60 60 60 60
 10 10 10 10 10 10 10 10 10 10 10 10 10 10 10 10 10 10 10 10 10 10 10 10 10 10 61 61 61 61 61 77 77 77 77 77 77 77 77 77 77 77 77 77 77 77 77 77 77 77 77 77 77 60 60 60 60 60 60 60
 10 10 10 10 10 10 10 10 10 10 10 10 10 10 10 10 10 10 10 10 10 10 10 10 10 10 10 10 61 61 61 77 77 77 77 77 77 77 77 77 77 77 77 77 77 77 77 77 77 77 77 77 77 60 60 60 60 60 60 60
 10 10 10 10 10 10 10 10 10 10 10 10 10 10 10 10 10 10 10 10 10 10 10 10 10 10 10 10 10 61 77 77 77 77 77 77 77 77 77 77 77 77 77 77 77 77 77 77 77 77 77 77 77 60 60 60 60 60 60 60
 10 10 10 10 10 10 10 10 10 10 10 10 10 10 10 10 10 10 10 10 10 10 10 10 10 10 10 10 10 10 77 77 77 77 77 77 77 77 77 77 77 77 77 77 77 77 77 77 77 77 77 77 77 60 60 60 60 60 60 60
 10 10 10 10 10 10 10 10 10 10 10 10 10 10 10 10 10 10 10 10 10 10 10 10 10 10 10 10 10 10 77 77 77 77 77 77 77 77 77 77 77 77 77 77 77 77 77 77 77 77 77 77 77 60 60 60 60 60 60 60
 10 10 10 10 10 10 10 10 10 10 10 10 10 10 10 10 10 10 10 10 10 10 10 10 10 10 10 10 10 77 77 77 77 77 77 77 77 77 77 77 77 77 77 77 77 77 77 77 77 77 77 77 77 77 60 60 60 60 60 60
 10 10 10 10 10 10 10 10 10 10 10 10 10 10 10 10 10 10 10 10 10 10 10 10 10 10 10 10 10 77 77 77 77 77 77 77 77 77 77 77 77 77 77 77 77 77 77 77 77 77 77 77 77 77 60 60 60 60 60 60
 10 10 10 10 10 10 10 10 10 10 10 10 10 10 10 10 10 10 10 10 10 10 10 10 10 10 10 10 10 10 10 77 77 77 77 77 77 77 77 77 77 77 77 77 77 77 77 77 77 77 77 77 77 77 60 60 60 60 60 60
 10 10 10 10 10 10 10 10 10 10 10 10 10 10 10 10 10 10 10 10 10 10 10 10 10 10 10 10 10 10 10 10 77 77 77 77 77 77 77 77 77 77 77 77 77 77 77 77 77 77 77 77 77 77 60 60 60 60 60 60
 10 10 10 10 10 10 10 10 10 10 10 10 10 10 10 10 10 10 10 10 10 10 10 10 10 10 10 10 10 10 10 10 10 77 77 77 77 77 77 77 77 77 77 77 77 77 77 77 77 77 77 77 77 77 60 60 60 60 60 60
 10 10 10 10 10 10 10 10 10 10 10 10 10 10 10 10 10 10 10 10 10 10 10 10 10 10 10 10 10 10 10 10 10 10 10 77 77 77 77 77 77 77 77 77 77 77 77 77 77 77 77 77 77 77 60 60 60 60 60 60
 10 10 10 10 10 10 10 10 10 10 10 10 10 10 10 10 10 10 10 10 10 10 10 10 10 10 10 10 10 10 10 10 10 10 10 77 77 77 77 77 77 77 77 77 77 77 77 77 77 77 77 77 77 77 60 60 60 60 60 60
 10 10 10 10 10 10 10 10 10 10 10 10 10 10 10 10 10 10 10 10 10 10 10 10 10 10 10 10 10 10 10 10 10 10 10 77 77 77 77 77 77 77 77 77 77 77 77 77 77 77 77 77 77 77 60 60 60 60 60 60
 10 10 10 10 10 10 10 10 10 10 10 10 10 10 10 10 10 10 10 10 10 10 10 10 10 10 10 10 10 10 10 10 10 10 10 77 77 77 77 77 77 77 77 77 77 77 77 77 77 77 77 77 77 77 60 60 60 60 60 60
 10 10 10 10 10 10 10 10 10 10 10 10 10 10 10 10 10 10 10 10 10 10 10 10 10 10 10 10 10 10 10 10 10 10 10 16 77 77 77 77 77 77 77 77 77 77 77 77 77 77 77 77 77 77 60 60 60 60 60 60
 10 10 10 10 10 10 10 10 10 10 10 10 10 10 10 10 10 10 10 10 10 10 10 10 10 10 10 10 10 10 10 10 10 10 10 16 77 77 77 77 77 77 77 77 77 77 77 77 77 77 77 77 77 77 60 60 60 60 60 60
 10 10 10 10 10 10 10 10 10 10 10 10 10 10 10 10 10 10 10 10 10 10 10 10 10 10 10 10 10 10 10 10 10 10 10 16 16 77 77 77 77 77 77 77 77 77 77 77 77 77 77 77 77 77 60 60 60 60 60 60
 10 10 10 10 10 10 10 10 10 10 10 10 10 10 10 10 10 10 10 10 10 10 10 10 10 10 10 10 10 10 10 10 10 10 10 16 16 77 77 77 77 77 77 77 77 77 77 77 77 77 77 77 77 77 60 60 60 60 60 60
 10 10 10 10 10 10 10 10 10 10 10 10 10 10 10 10 10 10 10 10 10 10 10 10 10 10 10 10 10 10 10 10 10 10 10 16 16 16 77 77 77 77 77 77 77 77 77 77 77 77 77 77 77 77 60 60 60 60 60 60
 10 10 10 10 10 10 10 10 10 10 10 10 10 10 10 10 10 10 10 10 10 10 10 10 10 10 10 10 10 10 10 10 10 10 10 16 16 16 77 77 77 77 77 77 77 77 77 77 77 77 77 77 77 77 60 60 60 60 60 60
 10 10 10 10 10 10 10 10 10 10 10 10 10 10 10 10 10 10 10 10 10 10 10 10 10 10 10 10 10 10 10 10 10 10 10 16 16 16 77 77 77 77 77 77 77 77 77 77 77 77 77 77 77 77 60 60 60 60 60 60
 10 10 10 10 10 10 10 10 10 10 10 10 10 10 10 10 10 10 10 10 10 10 10 10 10 10 10 10 10 10 10 10 10 10 10 16 16 16 77 77 77 77 77 77 77 77 77 77 77 77 77 77 77 77 60 60 60 60 60 60
 10 10 10 10 10 10 10 10 10 10 10 10 10 10 10 10 10 10 10 10 10 10 10 10 10 10 10 10 10 10 10 10 10 10 10 16 16 16 77 77 77 77 77 77 77 77 77 77 77 77 77 77 77 77 60 60 60 60 60 60
 10 10 10 10 10 10 10 10 10 10 10 10 10 10 10 10 10 10 10 10 10 10 10 10 10 10 10 10 10 10 10 10 10 10 10 16 16 16 77 77 77 77 77 77 77 77 77 77 77 77 77 77 77 77 60 60 60 60 60 60
 10 10 10 10 10 10 10 77 10 10 10 10 10 10 10 10 10 10 10 10 10 10 10 10 10 10 10 10 10 10 10 10 10 10 10 16 16 16 16 77 77 77 77 77 77 77 77 77 77 77 77 77 77 77 60 60 60 60 60 60
 10 10 10 10 10 10 10 10 10 10 10 10 10 10 10 10 10 10 10 10 10 10 10 10 10 10 10 10 10 10 10 10 10 10 10 16 16 16 16 77 77 77 77 77 77 77 77 77 77 77 77 77 77 60 60 60 60 60 60 60
 10 10 10 10 10 10 10 10 10 10 10 10 10 10 10 10 10 10 10 10 10 10 10 10 10 10 10 10 10 10 10 10 10 10 77 77 16 16 16 77 77 77 77 77 77 77 77 77 77 77 77 77 77 60 60 60 60 60 60 60
 10 10 10 10 10 10 10 10 10 10 10 10 10 10 10 10 10 10 10 10 10 10 10 10 10 10 10 10 10 10 10 10 10 77 77 77 77 16 16 77 77 77 77 77 77 77 77 77 77 77 77 77 77 60 60 60 60 60 60 60
 10 10 10 10 10 10 10 10 10 10 10 10 10 10 10 10 10 10 10 10 10 10 10 10 10 10 10 10 10 10 10 10 10 77 77 77 16 16 16 16 77 16 16 77 77 77 77 77 77 77 77 77 60 60 60 60 60 60 60 60
 10 10 10 10 10 10 10 10 10 10 10 10 10 10 10 10 10 10 10 10 10 10 10 10 10 10 10 10 10 10 10 10 10 77 77 77 16 16 16 16 16 16 16 77 77 77 77 77 16 77 77 77 60 60 60 60 60 60 60 60
 10 10 10 10 10 10 10 10 10 10 10 10 10 10 10 10 10 10 10 10 10 10 10 10 10 10 10 10 10 10 10 10 10 77 77 77 16 16 16 16 16 16 16 16 77 77 77 77 77 77 77 77 60 60 60 60 60 60 60 60
 10 10 10 10 10 10 10 10 10 10 10 10 10 10 10 10 10 10 10 10 10 10 10 10 10 10 10 10 10 10 10 10 10 77 77 77 77 16 16 16 16 16 16 16 16 77 77 77 16 77 77 77 60 60 60 60 60 60 60 60
 10 10 10 10 10 10 10 10 10 10 10 10 10 10 10 10 10 10 10 10 10 10 10 10 10 10 10 10 10 10 10 10 10 77 77 77 16 16 16 16 16 16 16 16 16 16 16 16 16 77 77 77 60 60 60 60 60 60 60 60
 10 10 10 10 10 10 10 10 10 10 10 10 10 10 10 10 10 10 10 10 10 10 10 10 10 10 10 10 10 10 10 10 10 77 77 77 77 16 16 16 16 16 16 16 16 16 16 16 16 60 77 77 60 60 60 60 60 60 60 60
 10 10 10 10 10 10 10 10 10 10 10 10 10 10 10 10 10 10 10 10 10 10 10 10 10 10 10 10 10 10 10 10 10 10 77 77 77 16 16 16 16 16 16 16 16 16 16 16 16 60 77 77 60 60 60 60 60 60 60 60
 10 10 10 10 10 10 10 10 10 10 10 10 10 10 10 10 10 10 10 10 10 10 10 10 10 10 10 10 10 10 10 10 10 10 77 77 16 16 16 16 16 16 16 16 16 16 16 16 16 60 60 77 60 60 60 60 60 60 60 60
 10 10 10 10 10 10 10 10 10 10 10 10 10 10 10 10 10 10 10 10 10 10 10 10 10 10 10 10 10 10 10 10 10 10 16 77 16 16 16 16 16 16 16 16 16 16 16 16 16 60 60 77 60 60 60 60 60 60 60 60
 10 10 10 10 10 10 10 10 10 10 10 10 10 10 10 10 10 10 10 10 10 10 10 10 10 10 10 10 10 10 10 10 10 16 16 16 16 16 16 16 16 16 16 16 16 16 16 16 16 60 60 77 60 60 60 60 60 60 60 60
 10 10 10 10 10 10 10 10 10 10 10 10 10 10 10 10 10 10 10 10 10 10 10 10 10 10 10 10 10 10 10 10 10 16 16 16 16 16 16 16 16 16 16 16 16 16 16 16 16 60 60 60 60 60 60 60 60 60 60 60
 10 10 10 10 10 10 10 10 10 10 10 10 10 10 10 10 10 10 10 10 10 10 10 10 10 10 10 10 10 10 10 10 16 16 16 16 16 16 16 16 16 16 16 16 16 16 16 16 16 60 60 60 60 60 60 60 60 60 60 60
 77 77 77 10 10 10 10 10 77 77 10 10 10 10 10 10 10 10 10 10 10 77 77 77 77 10 10 10 10 10 10 16 16 16 16 16 16 16 16 16 16 16 16 16 16 16 16 16 16 60 60 60 60 60 60 60 60 60 60 60
 77 77 77 77 10 10 10 77 77 77 77 77 77 77 10 10 10 10 10 10 10 77 77 77 77 10 10 10 10 10 16 16 16 16 16 16 16 16 16 16 16 16 16 16 16 16 16 16 16 60 60 60 60 60 60 60 60 60 60 60
 77 77 77 77 10 10 10 77 77 77 77 77 77 77 10 10 10 10 10 10 10 10 77 77 77 77 10 10 10 16 16 16 16 16 16 16 16 16 16 16 16 16 16 16 16 16 16 16 16 60 60 60 60 60 60 60 60 60 60 60
 77 77 77 77 77 18 77 77 77 77 77 77 77 77 10 10 10 10 10 10 10 10 77 77 77 77 77 77 77 16 16 16 16 16 16 16 16 16 16 16 16 16 16 16 16 16 16 16 16 60 60 60 60 60 60 60 60 60 60 60
 77 77 77 77 77 18 77 77 77 77 77 77 77 77 10 10 10 10 10 10 77 77 10 10 77 77 77 77 16 16 16 16 16 16 16 16 16 16 16 16 16 16 16 16 16 16 16 16 16 60 60 60 60 60 60 60 60 60 60 60
 77 77 77 77 77 18 77 77 77 77 77 77 77 77 10 10 10 77 77 10 77 77 77 77 77 77 77 77 77 16 16 16 16 16 16 16 16 16 16 16 16 16 16 16 16 16 16 16 16 60 60 60 60 60 60 60 60 60 60 60
 77 77 77 77 77 18 77 77 77 77 77 77 77 77 10 10 10 77 77 10 77 77 77 77 77 77 77 77 77 16 16 16 16 16 16 16 16 16 16 16 16 16 16 16 16 16 16 16 16 60 60 60 60 60 60 60 60 60 60 60
 77 77 77 77 77 18 77 77 77 77 77 77 77 77 10 10 10 77 77 10 77 77 77 77 77 77 77 77 16 16 16 16 16 16 16 16 16 16 16 16 16 16 16 16 16 16 16 16 16 60 60 60 60 60 60 60 60 60 60 60
 77 77 77 77 77 77 18 77 77 77 77 77 77 77 77 77 77 77 77 77 10 77 77 77 77 77 16 16 16 16 16 16 16 16 16 16 16 16 16 16 16 16 16 16 16 16 16 16 16 60 60 60 60 60 60 60 60 60 60 60
 77 77 77 77 77 77 18 18 77 77 77 77 77 77 77 77 77 77 77 10 77 77 77 77 77 16 16 16 16 16 16 16 16 16 16 16 16 16 16 16 16 16 16 16 16 16 16 16 16 60 60 60 60 60 60 60 60 60 60 60
 77 77 77 77 77 77 77 18 18 18 77 77 77 77 77 77 77 77 77 77 10 77 77 16 16 16 16 16 16 16 16 16 16 16 16 16 16 16 16 16 16 16 16 16 16 16 16 16 16 60 60 60 60 60 60 60 60 60 60 60
 77 77 77 77 77 77 77 18 18 18 18 77 77 77 77 77 77 77 77 77 77 16 77 16 16 16 16 16 16 16 16 16 16 16 16 16 16 16 16 16 16 16 16 16 16 16 16 16 16 60 60 60 60 60 60 60 60 60 60 60
 77 77 77 77 77 77 77 18 18 77 18 77 77 77 77 77 77 77 77 77 77 77 16 16 16 16 16 16 16 16 16 16 16 16 16 16 16 16 16 16 16 16 16 16 16 16 16 16 16 60 60 60 60 60 60 60 60 60 60 60
 77 77 77 77 77 77 77 18 18 77 18 18 18 77 77 77 77 77 77 77 77 77 16 16 16 16 16 16 16 16 16 16 16 16 16 16 16 16 16 16 16 16 16 16 16 16 16 16 16 60 60 60 60 60 60 60 60 60 60 60
 77 77 77 77 77 77 77 18 18 18 18 18 18 77 77 77 77 77 77 77 77 77 16 16 16 16 16 16 16 16 16 16 16 16 16 16 16 16 16 16 16 16 16 16 16 16 16 16 16 60 60 60 60 60 60 60 60 60 60 60
 77 77 77 77 77 77 77 18 18 18 18 18 18 77 77 77 77 77 77 77 77 77 77 16 16 16 16 16 77 77 77 77 77 16 16 16 16 16 16 16 16 16 16 16 16 16 16 16 16 60 60 60 60 60 60 60 60 60 60 60
 77 77 77 77 77 77 77 18 18 18 18 18 18 77 77 77 77 77 77 77 77 77 77 16 16 16 16 16 77 77 77 77 77 16 16 16 16 16 16 16 16 16 16 16 16 16 16 16 16 60 60 60 60 60 60 60 60 60 60 60
 77 77 77 77 77 77 77 18 18 18 18 18 18 77 77 77 77 77 77 77 77 77 77 77 16 16 16 16 77 77 77 77 77 16 16 16 16 16 16 16 16 16 16 16 16 16 16 16 16 60 60 60 60 60 60 60 60 60 60 60
 77 77 77 77 77 77 77 18 18 77 77 77 77 18 77 77 77 77 77 77 77 77 77 77 77 77 77 16 77 77 77 77 77 77 16 16 16 16 16 16 16 16 16 16 16 16 16 16 16 60 60 60 60 60 60 60 60 60 60 60
 77 77 77 77 77 77 77 77 18 77 77 77 77 18 77 77 77 77 77 77 77 77 77 77 77 77 77 77 77 77 77 77 77 77 16 16 16 16 16 16 16 16 16 16 16 16 16 16 16 60 60 60 60 60 60 60 60 60 60 60
 77 77 77 77 77 77 77 18 18 18 18 18 18 77 77 77 77 77 77 77 77 77 77 77 77 77 77 77 62 77 77 77 77 77 77 16 16 16 16 16 16 16 16 16 16 16 16 16 16 60 60 60 60 60 60 60 60 60 60 60
 77 77 77 18 18 18 18 18 18 18 18 18 77 77 77 77 77 77 77 77 77 77 77 77 77 77 62 77 77 77 77 77 77 77 77 16 16 16 16 16 16 16 16 16 16 16 16 16 77 77 60 60 60 60 60 60 60 60 60 60
 77 77 77 18 18 18 18 77 18 18 18 77 77 77 77 77 77 77 77 77 77 77 77 77 77 77 77 77 77 77 77 77 77 77 77 77 16 16 16 16 16 16 16 16 16 16 16 16 77 77 60 60 60 60 60 60 60 60 60 60
 77 77 77 18 18 18 18 77 77 18 18 77 77 77 18 77 77 77 77 77 77 77 77 77 77 77 77 77 77 77 77 77 77 77 77 77 77 16 16 16 16 16 16 16 16 16 16 77 77 77 60 60 60 60 60 60 60 60 60 60
 77 77 77 18 18 18 77 77 18 18 77 77 77 18 77 77 77 77 77 77 77 77 77 77 62 77 77 77 77 77 77 77 77 77 77 77 77 77 77 16 16 16 16 16 16 16 16 77 77 77 60 60 60 60 60 60 60 60 60 60
 77 77 18 18 18 18 18 77 77 77 77 77 18 77 77 77 77 77 77 77 77 77 77 77 77 62 77 77 77 77 77 77 77 77 77 77 77 77 77 16 16 16 16 16 16 16 16 77 77 77 60 60 60 60 60 60 60 60 60 60
 77 77 18 18 18 18 18 18 77 77 77 77 18 77 77 77 77 77 77 77 77 77 77 77 77 62 77 77 77 77 77 77 77 77 77 77 77 77 77 16 16 16 16 16 16 16 77 77 77 77 60 60 60 60 60 60 60 60 60 60
 77 18 18 18 18 18 18 18 18 18 77 18 77 77 77 77 77 77 77 77 77 77 77 77 77 62 62 62 77 77 77 62 77 77 77 77 77 77 77 77 16 16 16 16 16 16 16 77 77 77 60 60 60 60 60 60 60 60 60 60
 77 18 18 18 18 18 18 18 18 18 77 18 77 77 77 77 77 77 77 77 77 77 77 77 77 62 62 77 62 77 77 62 62 77 77 77 77 77 77 77 16 16 16 16 16 16 16 77 77 77 77 60 60 60 60 60 60 60 60 60
 77 18 18 18 18 18 18 18 18 18 77 77 77 77 77 77 77 77 77 77 77 77 77 77 77 62 62 62 62 62 62 62 62 77 77 77 77 77 77 77 16 16 16 16 16 16 16 16 77 77 77 60 60 60 60 60 60 60 60 60
 77 77 77 18 18 18 18 18 77 77 77 77 77 77 77 77 77 77 77 77 77 77 77 77 77 62 62 62 62 62 62 62 62 77 77 77 77 77 77 77 16 16 16 16 16 16 16 16 77 77 77 60 60 60 60 60 60 60 60 60
 77 77 77 18 18 18 18 77 77 77 77 77 77 77 77 77 77 77 77 77 77 77 77 77 77 77 77 77 62 62 77 77 77 77 77 77 77 77 77 77 77 16 16 16 16 16 16 77 77 77 77 60 60 60 60 60 60 60 60 60
 77 77 77 18 18 18 77 77 77 77 77 77 77 77 77 77 77 77 77 77 77 77 77 77 77 77 77 77 77 62 77 77 77 77 62 77 77 77 77 77 77 16 16 16 16 16 16 77 77 77 77 60 60 60 60 60 60 60 60 60
 77 77 77 18 18 77 18 77 77 18 77 77 77 77 77 77 77 77 77 77 77 77 77 77 77 77 77 62 77 62 77 77 77 77 77 77 77 77 77 77 77 16 16 16 16 16 16 77 60 77 77 60 60 60 60 60 60 60 60 60
 77 77 18 18 18 77 18 18 18 18 77 77 77 77 77 77 77 77 77 77 77 77 77 77 77 77 77 77 77 77 77 77 77 77 77 77 77 77 77 77 77 16 16 16 16 16 16 77 60 77 77 60 60 60 60 60 60 60 60 60
 77 77 18 18 18 77 18 18 18 18 77 77 77 77 77 77 77 77 77 77 77 77 77 77 77 77 77 77 77 77 77 77 77 77 77 77 77 77 77 77 77 16 16 16 16 16 60 60 60 77 77 60 60 60 60 60 60 60 60 60
 77 77 18 18 18 18 18 18 77 77 77 77 77 77 77 77 77 77 77 77 77 77 77 77 77 77 77 77 77 77 77 77 77 77 77 77 77 77 77 77 77 16 16 16 16 60 60 60 60 77 77 60 60 60 60 60 60 60 60 60
 77 77 18 18 18 18 18 77 77 77 77 77 77 77 77 77 77 77 77 77 77 77 77 77 77 77 77 77 77 77 77 77 77 77 77 77 77 77 77 77 77 16 16 16 60 60 60 60 60 60 60 60 60 60 60 60 60 60 60 60
 77 18 18 18 18 18 77 77 77 77 77 77 48 77 77 77 77 77 77 77 77 77 77 77 77 77 77 77 77 77 77 77 77 77 77 77 77 77 77 77 77 16 16 60 60 60 60 60 60 60 60 60 60 60 60 60 60 60 60 60
 77 18 18 18 18 18 77 77 77 77 77 77 48 48 48 77 77 77 77 77 77 77 77 77 77 77 77 77 77 77 77 77 77 77 77 77 77 77 77 77 77 16 60 60 60 60 60 60 60 60 60 60 60 60 60 60 60 60 60 60
 77 18 18 18 18 18 77 77 77 77 77 77 48 48 48 48 77 77 77 77 77 77 77 77 77 77 77 77 77 77 77 77 77 77 77 77 77 77 77 77 77 60 60 60 60 60 60 60 60 60 60 60 60 60 60 60 60 60 60 60
 77 18 18 18 18 18 77 77 77 77 77 77 48 48 48 48 77 77 77 77 77 77 77 77 77 77 77 77 77 77 77 77 77 77 77 77 77 77 77 77 60 60 60 60 60 60 60 60 60 60 60 60 60 60 60 60 60 60 60 60
 77 18 18 18 77 77 77 77 77 77 77 77 48 48 48 77 77 77 77 77 77 77 77 77 77 77 77 77 77 77 77 77 77 77 77 77 77 77 77 77 60 60 60 60 60 60 60 60 60 60 60 60 60 60 60 60 60 60 60 60
 77 77 18 18 77 77 77 77 77 77 77 77 48 48 77 77 77 77 77 77 77 77 77 77 77 77 77 77 77 77 77 77 77 77 77 77 77 77 77 77 60 60 60 60 60 60 60 60 60 60 60 60 60 60 60 60 60 60 60 60
 77 77 77 18 18 18 77 77 77 77 77 77 48 48 77 77 77 77 77 77 77 77 77 77 77 77 77 77 77 77 77 77 77 77 77 77 77 77 77 77 60 60 60 60 60 60 60 60 60 60 60 60 60 60 60 60 60 60 60 60
 77 77 77 77 77 18 77 77 77 77 77 77 48 48 48 77 77 77 77 77 77 77 77 77 77 77 77 77 77 77 77 77 77 77 77 60 77 77 77 77 60 60 60 60 60 60 60 60 60 60 60 60 60 60 60 60 60 60 60 60
 77 77 77 77 77 77 77 77 77 77 77 77 48 48 48 77 77 77 77 77 77 77 77 77 77 77 77 77 77 77 77 77 77 77 77 60 77 77 77 60 60 60 60 60 60 60 60 60 60 60 60 60 60 60 60 60 60 60 60 60
 77 77 77 77 77 77 77 77 77 77 77 48 48 48 77 77 77 77 77 77 77 77 77 77 77 77 77 77 77 77 77 77 77 77 77 77 77 77 77 60 60 60 60 60 60 60 60 60 60 60 60 60 60 60 60 60 60 60 60 60
 77 77 77 77 77 77 77 77 77 77 77 48 48 48 77 77 77 77 77 77 77 77 77 77 77 77 77 77 77 77 77 77 77 77 77 60 77 77 77 60 60 60 60 60 60 60 60 60 60 60 60 60 60 60 60 60 60 60 60 60
 77 77 77 77 77 77 77 77 77 77 77 48 48 77 77 77 77 77 77 77 77 77 77 77 77 77 77 77 77 77 77 77 77 77 77 60 77 77 60 60 60 60 60 60 60 60 60 60 60 60 60 60 60 60 60 60 60 60 60 60
 77 77 77 77 77 77 77 77 77 77 77 48 48 77 77 77 77 77 77 77 77 77 77 77 77 77 77 77 77 77 77 77 77 77 77 77 77 77 60 60 60 60 60 60 60 60 60 60 60 60 60 60 60 60 60 60 60 60 60 60
 77 77 77 77 77 77 77 77 77 77 77 77 77 77 77 77 77 77 77 77 77 77 77 77 77 77 77 77 77 77 77 77 77 77 77 77 77 60 60 60 60 60 60 60 60 60 60 60 60 60 60 60 60 60 60 60 60 60 60 60
 77 77 77 77 77 77 77 77 77 77 77 77 77 77 77 77 77 77 77 77 77 77 77 77 77 77 77 77 77 77 77 77 77 77 77 77 77 60 60 60 60 60 60 60 60 60 60 60 60 60 60 60 60 60 60 60 60 60 60 60
 77 77 77 77 77 77 77 77 77 77 77 77 77 77 77 77 77 77 77 77 77 77 77 77 77 77 77 77 77 77 77 77 77 77 77 77 77 60 77 60 60 60 60 60 60 60 60 60 60 60 60 60 60 60 60 60 60 60 60 60
 77 77 77 77 77 77 77 77 77 77 77 77 77 77 77 77 77 77 77 77 77 77 77 77 77 77 77 77 77 77 77 77 77 77 77 77 77 77 77 60 60 60 60 60 60 60 60 60 60 60 60 60 60 60 60 60 60 60 60 60
 77 77 77 77 77 77 77 77 77 77 77 77 77 77 77 77 58 58 77 77 77 77 77 77 77 77 77 77 77 77 77 77 77 77 77 77 77 77 77 60 60 60 60 60 60 60 60 60 60 60 77 60 60 60 60 60 60 60 60 60
 77 77 77 77 77 77 77 77 77 77 77 77 77 77 58 58 58 58 77 77 77 77 77 77 77 77 77 77 77 77 77 77 77 77 77 77 77 77 77 60 60 60 60 60 60 60 60 60 60 60 77 60 60 60 60 60 60 60 60 60
 77 77 77 77 77 77 77 77 77 77 77 77 77 58 58 58 58 58 77 77 77 77 77 77 77 77 77 77 77 77 77 77 77 77 77 77 77 77 60 60 60 60 60 60 60 60 60 60 60 60 77 60 60 60 60 60 60 60 60 60
 77 77 77 77 77 77 77 77 77 77 77 77 58 58 58 58 58 77 77 77 77 77 77 77 77 77 77 77 77 77 77 77 77 77 77 77 77 77 77 77 60 60 60 60 60 60 60 60 60 60 77 60 60 60 60 60 60 60 60 60
 77 77 77 77 77 77 77 77 58 58 77 58 58 58 58 58 58 58 77 58 77 77 77 77 77 77 77 77 77 77 77 77 77 77 77 77 77 77 77 77 60 60 60 60 60 60 60 60 60 60 77 60 60 60 60 60 60 60 60 60
 77 77 77 77 77 77 77 77 58 58 58 58 58 58 77 58 58 58 77 77 58 77 77 77 77 77 77 77 77 77 77 77 77 77 77 77 77 77 77 60 60 60 60 60 60 60 60 60 60 60 77 60 60 60 60 60 60 60 60 60
 77 77 77 77 77 77 77 58 58 58 58 58 58 77 77 58 58 58 77 77 77 77 77 77 77 77 77 77 77 77 77 77 77 77 77 77 77 77 77 60 60 77 60 60 60 60 60 60 60 60 60 60 60 60 60 60 60 60 60 60
 77 77 77 77 77 77 77 58 58 58 77 77 77 77 77 58 58 58 77 77 77 77 77 77 77 77 77 77 77 77 77 77 77 77 77 77 77 77 77 60 60 77 77 60 60 60 60 60 60 60 77 60 60 60 60 60 60 60 60 60
 77 77 77 77 77 77 77 58 58 58 77 77 77 77 77 58 58 77 77 77 77 77 77 77 77 77 77 77 77 77 77 77 77 77 77 77 77 77 77 60 77 77 77 77 60 60 60 60 60 60 77 60 60 60 60 60 60 60 60 60
 77 77 77 77 77 77 77 77 77 77 77 77 77 77 77 77 77 77 77 77 77 77 77 77 77 77 77 77 77 77 77 77 77 77 77 77 77 77 77 60 77 77 77 77 60 60 60 60 60 60 77 60 60 60 60 60 60 60 60 60
 77 77 77 77 77 77 77 77 77 77 77 77 77 77 77 77 77 77 77 77 77 77 77 77 77 77 77 77 77 77 77 77 77 77 77 77 77 77 77 60 77 77 77 77 77 60 60 60 60 60 77 60 60 60 60 60 60 60 60 60
 77 77 77 77 77 77 77 77 77 77 77 77 77 77 77 77 77 77 77 77 77 77 77 77 77 77 77 77 77 77 77 77 77 77 77 77 77 77 77 60 77 77 60 77 77 77 60 60 60 60 77 77 60 60 60 60 60 60 60 60
 77 77 77 77 77 77 77 77 77 77 77 77 77 77 77 77 77 77 77 77 77 77 77 77 77 77 77 77 77 77 77 77 77 77 77 77 77 77 77 60 60 60 60 77 77 77 60 60 60 60 77 77 60 60 60 60 60 60 60 60
 77 77 77 77 77 77 77 77 77 77 77 77 77 77 77 77 77 77 77 77 77 77 77 77 77 77 77 77 77 77 77 77 77 77 77 77 77 77 77 60 77 60 60 60 77 77 60 60 60 60 77 77 60 60 60 60 60 60 60 60
 77 77 77 77 77 77 77 77 77 77 77 77 77 77 77 77 77 77 77 77 77 77 77 77 77 77 77 77 77 77 77 77 77 77 77 77 77 77 77 77 77 60 60 60 77 77 60 60 60 77 77 77 60 60 60 60 60 60 60 60
 77 77 77 77 77 77 77 77 77 77 77 77 77 77 77 77 77 77 77 77 77 77 77 77 77 77 77 77 77 77 77 77 77 77 77 77 77 77 77 77 60 60 60 60 77 77 60 60 60 60 77 60 60 60 60 60 60 60 60 60
 77 77 77 77 77 77 77 77 77 77 77 77 77 77 77 77 77 77 77 77 77 77 77 77 77 77 77 77 77 77 77 77 77 77 77 77 77 77 77 77 60 60 60 60 60 77 77 60 60 60 77 77 60 60 60 60 60 60 60 60
 77 77 77 77 77 77 77 77 77 77 77 77 77 77 77 77 77 77 77 77 77 77 77 77 77 77 77 77 77 77 77 77 77 77 77 77 77 77 77 77 60 60 60 60 60 77 77 60 60 60 77 77 60 60 60 60 60 60 60 60
 77 77 77 77 77 77 77 77 77 77 77 77 77 77 77 77 77 77 77 77 77 77 77 77 77 77 77 77 77 77 77 77 77 77 77 77 77 77 77 77 60 60 60 60 60 77 77 60 60 60 77 77 60 60 60 60 60 60 60 60
 77 77 77 77 77 77 77 77 77 77 77 77 77 77 77 77 77 77 77 77 77 77 77 77 77 77 77 77 77 77 77 77 77 77 77 77 77 77 77 77 60 60 60 60 60 77 77 60 60 60 77 77 60 60 60 60 60 60 60 60
 77 77 77 77 77 77 77 77 77 77 77 77 77 77 77 77 77 77 77 77 77 77 77 77 77 77 77 77 77 77 77 77 77 77 77 77 77 77 77 77 60 60 60 60 60 77 77 60 60 60 60 60 60 60 60 60 60 60 60 60
 77 77 77 77 77 77 77 77 77 77 77 77 77 77 77 77 77 77 77 77 77 77 77 77 77 77 77 77 77 77 77 77 77 77 77 77 77 77 77 77 77 60 60 60 60 60 77 60 60 60 60 60 60 60 60 60 60 60 60 60
 77 77 77 77 77 77 77 77 77 77 77 77 77 77 77 77 77 77 77 77 77 77 77 77 77 77 77 77 77 77 77 77 77 77 77 77 77 77 77 77 77 77 60 60 60 60 77 60 60 60 60 60 60 60 60 60 60 60 60 60
 77 77 77 77 77 77 77 77 77 77 77 77 77 77 77 77 77 77 77 77 77 77 77 77 77 77 77 77 77 77 77 77 77 77 77 77 77 77 77 77 77 77 77 60 60 60 77 60 60 60 60 60 60 60 60 60 60 60 60 60
 77 77 77 77 77 77 77 77 77 77 77 77 77 77 77 77 77 77 77 77 77 77 77 77 77 77 77 77 77 77 77 77 77 77 77 77 77 77 77 77 77 77 77 60 60 60 60 60 60 60 60 60 60 60 60 60 60 60 60 60
 77 77 77 77 77 77 77 77 77 77 77 77 77 77 77 77 77 77 77 77 77 77 77 77 77 77 77 77 77 77 77 77 77 77 77 77 77 77 77 77 77 77 77 77 60 60 60 60 60 60 60 60 60 60 60 60 60 60 60 60
 77 77 77 77 77 77 77 77 77 77 77 77 77 77 77 77 77 77 77 77 77 77 77 77 77 77 77 77 77 77 77 77 77 77 77 77 77 77 77 77 77 77 77 77 60 60 60 60 60 60 60 60 60 60 60 60 60 60 60 60
 77 77 77 77 77 77 77 77 77 77 77 77 77 77 77 77 77 77 77 77 77 77 77 77 77 77 77 77 77 77 77 77 77 77 77 77 77 77 77 77 77 77 77 60 60 60 60 60 60 60 60 60 60 60 60 60 60 60 60 60
 77 77 77 77 77 77 77 77 77 77 77 77 77 77 77 77 77 77 77 77 77 77 77 77 77 77 77 77 77 77 77 77 77 77 77 77 77 77 77 77 77 77 60 60 60 60 60 60 60 60 60 60 60 60 60 60 60 60 60 60
 77 77 77 77 77 77 77 77 77 77 77 77 77 77 77 77 77 77 77 77 77 77 77 77 77 77 77 77 77 77 77 77 77 77 77 77 77 77 77 77 77 77 77 60 60 60 60 60 60 60 60 60 60 60 60 60 60 60 60 60
 77 77 77 77 77 77 77 77 77 77 77 77 77 77 77 77 77 77 77 77 77 77 77 77 77 77 77 77 77 77 77 77 77 77 77 77 77 77 77 77 77 77 77 60 60 60 60 60 60 60 60 60 60 60 60 60 60 60 60 60
 77 77 77 77 77 77 77 77 77 77 77 77 77 77 77 77 77 77 77 77 77 77 77 77 77 77 77 77 77 77 77 77 77 77 77 77 77 77 77 77 77 77 60 60 60 60 60 60 60 60 60 60 60 60 60 60 60 60 60 60
 77 77 77 77 77 77 77 77 77 77 77 77 77 77 77 77 77 77 77 77 77 77 77 77 77 77 77 77 77 77 77 77 77 77 77 77 77 77 77 77 77 77 77 60 60 60 60 60 60 60 60 60 60 60 60 60 60 60 60 60
 77 77 77 77 77 77 77 77 77 77 77 77 77 77 77 77 77 77 77 77 77 77 77 77 77 77 77 77 77 77 77 77 77 77 77 77 77 77 77 77 77 77 77 60 60 60 60 60 60 60 60 60 60 60 60 60 60 60 60 60
 77 77 77 77 77 77 77 77 77 77 77 77 77 77 77 77 77 77 77 77 77 77 77 77 77 77 77 77 77 77 77 77 77 77 77 77 77 77 77 77 77 77 77 60 60 60 60 60 60 60 77 60 60 60 60 60 60 60 60 60
 77 77 77 77 77 77 77 77 77 77 77 77 77 77 77 77 77 77 77 77 77 77 77 77 77 77 77 77 77 77 77 77 77 77 77 77 77 77 77 77 77 77 77 77 60 60 60 60 60 60 60 60 60 60 60 60 60 60 60 60
 77 77 77 77 77 77 77 77 77 77 77 77 77 77 77 77 77 77 77 77 77 77 77 77 77 77 77 77 77 77 77 77 77 77 77 77 77 77 77 77 77 77 77 77 60 60 60 60 60 60 60 60 60 60 60 60 60 60 60 60
 77 77 77 77 77 77 77 77 77 77 77 77 77 77 77 77 77 77 77 77 77 77 77 77 77 77 77 77 77 77 77 77 77 77 77 77 77 77 77 77 77 77 77 77 60 60 60 60 60 60 60 60 60 60 60 60 60 60 60 60
 77 77 77 77 77 77 77 77 77 77 77 77 77 77 77 77 77 77 77 77 77 77 77 77 77 77 77 77 77 77 77 77 77 77 77 77 77 77 77 77 77 77 77 77 60 60 60 60 60 60 60 60 60 60 60 60 60 60 60 60
 77 77 77 77 77 77 77 77 77 77 77 77 77 77 77 77 77 77 77 77 77 77 77 77 77 77 77 77 77 77 77 77 77 77 77 77 77 77 77 77 77 77 77 77 60 60 60 60 60 60 60 60 60 60 60 60 60 60 60 60
 77 77 77 77 77 77 77 77 77 77 77 77 77 77 77 77 77 77 77 77 77 77 77 77 77 77 77 77 77 77 77 77 77 77 77 77 77 77 77 77 77 77 77 77 77 60 60 60 60 60 60 60 60 60 60 60 60 60 60 60
 77 77 77 77 77 77 77 77 77 77 77 77 77 77 77 77 77 77 77 77 77 77 77 77 77 77 77 77 77 77 77 77 77 77 77 77 77 77 77 77 77 77 77 77 77 60 60 60 60 60 60 60 60 60 60 60 60 60 60 60
 77 77 77 77 77 77 77 77 77 77 77 77 77 77 77 77 77 77 77 77 77 77 77 77 77 77 77 77 77 77 77 77 77 77 77 77 77 77 77 77 77 77 77 77 77 77 60 60 60 60 60 60 60 60 60 60 60 60 60 60
 77 77 77 77 77 77 77 77 77 77 77 77 77 77 77 77 77 77 77 77 77 77 77 77 77 77 77 77 77 77 77 77 77 77 77 77 77 77 77 77 77 77 77 77 77 77 60 60 60 60 60 60 60 60 60 60 60 60 60 60
 77 77 77 77 77 77 77 77 77 77 77 77 77 77 77 77 77 77 77 77 77 77 77 77 77 77 77 77 77 77 77 77 77 77 77 77 77 77 77 77 77 77 77 77 77 77 60 60 60 60 60 60 60 60 60 60 60 60 60 60
 77 77 77 77 77 77 77 77 77 77 77 77 77 77 77 77 77 77 77 77 77 77 77 77 77 77 77 77 77 77 77 77 77 77 77 77 77 77 77 77 77 77 77 77 77 77 60 60 60 60 60 77 60 60 60 60 60 60 60 60
 77 77 77 77 77 77 77 77 77 77 77 77 77 77 77 77 77 77 77 77 77 77 77 77 77 77 77 77 77 77 77 77 77 77 77 77 77 77 77 77 77 77 77 77 77 77 60 60 60 77 77 77 60 60 60 60 60 60 60 60
 77 77 77 77 77 77 77 77 77 77 77 77 77 77 77 77 77 77 77 77 77 77 77 77 77 77 77 77 77 77 77 77 77 77 77 77 77 77 77 77 77 77 77 77 77 77 60 60 60 77 77 60 60 60 60 60 60 60 60 60
 77 77 77 77 77 77 77 77 77 77 77 77 77 77 77 77 77 77 77 77 77 77 77 77 77 77 77 77 77 77 77 77 77 77 77 77 77 77 77 77 77 77 77 77 77 77 77 60 60 77 77 60 60 60 60 60 60 60 60 60
 77 77 77 77 77 77 77 77 77 77 77 77 77 77 77 77 77 77 77 77 77 77 77 77 77 77 77 77 77 77 77 77 77 77 77 77 77 77 77 77 77 77 77 77 77 77 77 60 60 77 77 77 60 60 60 60 60 60 60 60
 77 77 77 77 77 77 77 77 77 77 77 77 77 77 77 77 77 77 77 77 77 77 77 77 77 77 77 77 77 77 77 77 77 77 77 77 77 77 77 77 77 77 77 77 77 77 77 60 60 77 77 77 60 60 60 60 60 60 60 60
 77 77 77 77 77 77 77 77 77 77 77 77 77 77 77 77 77 77 77 77 77 77 77 77 77 77 77 77 77 77 77 77 77 77 77 77 77 77 77 77 77 77 77 77 77 77 60 60 60 77 77 77 60 60 60 60 60 60 60 60
 77 77 77 77 77 77 77 77 77 77 77 77 77 77 77 77 77 77 77 77 77 77 77 77 77 77 77 77 77 77 77 77 77 77 77 77 77 77 77 77 77 77 77 77 77 77 77 60 60 77 77 60 60 60 60 60 60 60 60 60
 77 77 77 77 77 77 77 77 77 77 77 77 77 77 77 77 77 77 77 77 77 77 77 77 77 77 77 77 77 77 77 77 77 77 77 77 77 77 77 77 77 77 77 77 77 77 77 60 77 77 60 60 60 60 60 60 60 60 60 60
 77 77 77 77 77 77 77 77 77 77 77 77 77 77 77 77 77 77 77 77 77 77 77 77 77 77 77 77 77 77 77 77 77 77 77 77 77 77 77 77 77 77 77 77 77 77 77 60 77 77 60 60 60 60 60 60 60 60 60 60
 77 77 77 77 77 77 77 77 77 77 77 77 77 77 77 77 77 77 77 77 77 77 77 77 77 77 77 77 77 77 77 77 77 77 77 77 77 77 77 77 77 77 77 77 77 77 77 60 77 60 60 60 60 60 60 60 60 60 60 60
 77 77 77 77 77 77 77 77 77 77 77 77 77 77 77 77 77 77 77 77 77 77 77 77 77 77 77 77 77 77 77 77 77 77 77 77 77 77 77 77 77 77 77 77 77 77 77 77 77 77 60 60 60 60 60 60 60 60 60 60
 77 77 77 77 77 77 77 77 77 77 77 77 77 77 77 77 77 77 77 77 77 77 77 77 77 77 77 77 77 77 77 77 77 77 77 77 77 77 77 77 77 77 77 77 77 77 77 77 77 77 60 60 60 60 60 60 60 60 60 60
 77 77 77 77 77 77 77 77 77 77 77 77 77 77 77 77 77 77 77 77 77 77 77 77 77 77 77 77 77 77 77 77 77 77 77 77 77 77 77 77 77 77 77 77 77 77 77 77 77 77 60 60 60 60 60 60 60 60 60 60
 77 77 77 77 77 77 77 77 77 77 77 77 77 77 77 77 77 77 77 77 77 77 77 77 77 77 77 77 77 77 77 77 77 77 77 77 77 77 77 77 77 77 77 77 77 77 77 77 77 60 60 60 60 60 60 60 60 60 60 60
 77 77 77 77 77 77 77 77 77 77 77 77 77 77 77 77 77 77 77 77 77 77 77 77 77 77 77 77 77 77 77 77 77 77 77 77 77 77 77 77 77 77 77 77 77 77 77 77 77 60 60 60 60 60 60 60 60 60 60 60
 77 77 77 77 77 77 77 77 77 77 77 77 77 77 77 77 77 77 77 77 77 77 77 77 77 77 77 77 77 77 77 77 77 77 77 77 77 77 77 77 77 77 77 77 77 77 77 60 60 60 60 60 60 60 60 60 60 60 60 60
 77 77 77 77 77 77 77 77 77 77 77 77 77 77 77 77 77 77 77 77 77 77 77 77 77 77 77 77 77 77 77 77 77 77 77 77 77 77 77 77 77 77 77 77 77 77 77 60 60 60 60 60 60 60 60 60 60 60 60 60
 77 77 77 77 77 77 77 77 77 77 77 77 77 77 77 77 77 77 77 77 77 77 77 77 77 77 77 77 77 77 77 77 77 77 77 77 77 77 77 77 77 77 77 77 77 77 77 60 60 60 60 60 60 60 60 60 60 60 60 60
 77 77 77 77 77 77 77 77 77 77 77 77 77 77 77 77 77 77 77 77 77 77 77 77 77 77 77 77 77 77 77 77 77 77 77 77 77 77 77 77 77 77 77 77 77 77 77 60 60 60 60 60 60 60 60 60 60 60 60 60
 77 77 77 77 77 77 77 77 77 77 77 77 77 77 77 77 77 77 77 77 77 77 77 77 77 77 77 77 77 77 77 77 77 77 77 77 77 77 77 77 77 77 77 77 77 77 77 60 60 60 60 60 60 60 60 60 60 60 60 60
 77 77 77 77 77 77 77 77 77 77 77 77 77 77 77 77 77 77 77 77 77 77 77 77 77 77 77 77 77 77 77 77 77 77 77 77 77 77 77 77 77 77 77 77 77 77 77 60 60 60 60 60 60 60 60 60 60 60 60 60
 77 77 77 77 77 77 77 77 77 77 77 77 77 77 77 77 77 77 77 77 77 77 77 77 77 77 77 77 77 77 77 77 77 77 77 77 77 77 77 77 77 77 77 77 77 77 77 60 60 60 60 60 60 60 60 60 60 60 60 60
 77 77 77 77 77 77 77 77 77 77 77 77 77 77 77 77 77 77 77 77 77 77 77 77 77 77 77 77 77 77 77 77 77 77 77 77 77 77 77 77 77 77 77 77 60 77 60 60 60 60 60 60 60 60 60 60 60 60 60 60
 77 77 77 77 77 77 77 77 77 77 77 77 77 77 77 77 77 77 77 77 77 77 77 77 77 77 77 77 77 77 77 77 77 77 77 77 77 77 77 77 77 77 77 77 60 60 60 60 60 60 60 60 60 60 60 60 60 60 60 60
 77 77 77 77 77 77 77 77 77 77 77 77 77 77 77 77 77 77 77 77 77 77 77 77 77 77 77 77 77 77 77 77 77 77 77 77 77 77 77 77 77 77 77 77 60 60 60 60 60 60 60 60 60 60 60 60 60 60 60 60
 77 77 77 77 77 77 77 77 77 77 77 77 77 77 77 77 77 77 77 77 77 77 77 77 77 77 77 77 77 77 77 77 77 77 77 77 77 77 77 77 77 77 77 77 60 60 60 60 60 60 60 60 60 60 60 60 60 60 60 60
 77 77 77 77 77 77 77 77 20 77 77 77 77 77 77 77 77 77 77 77 77 77 77 77 77 77 77 77 77 77 77 77 77 77 77 77 77 77 77 77 77 77 77 77 60 60 60 60 60 60 60 60 60 60 60 60 60 60 60 60
 77 77 77 77 77 77 77 77 20 77 77 77 77 77 77 77 77 77 77 77 77 77 77 77 77 77 77 77 77 77 77 77 77 77 77 77 77 77 77 77 77 77 77 77 60 60 60 60 60 60 60 60 60 60 60 60 60 60 60 60
 77 77 77 77 77 77 77 77 20 77 77 77 77 77 77 77 77 77 77 77 77 77 77 77 77 77 77 77 77 77 77 77 77 77 77 77 77 77 77 77 77 77 77 60 60 60 60 60 60 60 60 60 60 60 60 60 60 60 60 60
 77 77 77 77 20 20 77 77 20 20 77 77 77 77 77 77 77 77 77 77 77 77 77 77 77 77 77 77 77 77 77 77 77 77 77 77 77 77 77 77 77 77 77 60 60 60 60 60 60 60 60 60 60 60 60 60 60 60 60 60
 77 77 77 20 20 20 77 77 77 77 77 77 77 77 77 77 77 77 77 77 77 77 77 77 77 77 77 77 77 77 77 77 77 77 77 77 77 77 77 77 77 77 77 60 60 60 60 60 60 60 60 60 60 60 60 60 60 60 60 60
 20 20 20 20 20 20 20 77 20 77 77 77 77 77 77 77 77 77 77 77 77 77 77 77 77 77 77 77 77 77 77 77 77 77 77 77 77 77 77 77 77 77 77 60 60 60 60 60 60 60 60 60 60 60 60 60 60 60 60 60
 20 20 20 20 20 20 20 20 20 77 77 77 77 77 77 77 77 77 77 77 77 77 77 77 77 77 77 77 77 77 77 77 77 77 77 77 77 77 77 77 77 77 77 77 60 60 60 60 60 60 60 60 60 60 60 60 60 60 60 60
 20 20 20 20 20 20 20 20 20 77 77 77 77 77 77 77 77 77 77 77 77 77 77 77 77 77 77 77 77 77 77 77 77 77 77 77 77 77 77 77 77 77 77 77 60 60 60 60 60 60 60 60 60 60 60 60 60 60 60 60
 20 20 20 20 20 20 20 77 77 77 77 77 77 77 77 77 77 77 77 77 77 77 77 77 77 77 77 77 77 77 77 77 77 77 77 77 77 77 77 77 77 77 77 77 60 60 60 60 60 60 60 60 60 60 60 60 60 60 60 60
 20 20 20 77 77 77 77 77 77 77 77 77 77 77 77 77 77 77 77 77 77 77 77 77 77 77 77 77 77 77 77 77 77 77 77 77 77 77 77 77 77 77 77 77 60 60 60 60 60 60 60 60 60 60 60 60 60 60 60 60
 20 20 20 20 77 77 77 77 77 77 77 77 77 77 77 77 77 77 77 77 77 77 77 77 77 77 77 77 77 77 77 77 77 77 77 77 77 77 77 77 77 77 77 77 60 60 60 60 60 60 60 60 60 60 60 60 60 60 60 60
 20 20 20 20 77 77 77 77 77 20 77 77 77 77 77 77 77 77 77 77 77 77 77 77 77 77 77 77 77 77 77 77 77 77 77 77 77 77 77 77 77 77 77 60 60 60 60 60 60 60 60 60 60 60 60 60 60 60 60 60
 20 20 20 77 20 77 77 77 20 20 77 77 77 77 77 77 77 77 77 77 77 77 77 77 77 77 77 77 77 77 77 77 77 77 77 77 77 77 77 77 77 77 60 60 60 60 60 60 60 60 60 60 60 60 60 60 60 60 60 60
 20 77 77 77 20 20 20 20 20 20 20 20 77 77 77 77 77 77 77 77 77 77 77 77 77 77 77 77 77 77 77 77 77 77 77 77 77 77 77 77 77 60 60 60 60 60 60 60 60 60 60 60 60 60 60 60 60 60 60 60
 20 77 77 77 77 20 20 20 20 20 20 20 77 77 77 77 77 77 77 77 77 77 77 77 77 77 77 77 77 77 77 77 77 77 77 77 77 77 77 77 77 60 60 60 60 60 60 60 60 60 60 60 60 60 60 60 60 60 60 60
 20 20 77 77 77 77 20 20 20 20 20 20 77 77 77 77 77 77 77 77 77 77 77 77 77 77 77 77 77 77 77 77 77 77 77 77 77 77 77 77 77 77 60 60 60 60 60 60 60 60 60 60 60 60 60 60 60 60 60 60
 20 20 20 77 77 77 20 20 20 20 20 20 77 77 77 77 77 77 77 77 77 77 77 77 77 77 77 77 77 77 77 77 77 77 77 77 77 77 77 77 77 77 60 60 60 60 60 60 60 60 60 60 60 60 60 60 60 60 60 60
 20 20 20 77 77 77 20 20 20 20 20 20 20 77 77 77 77 77 77 77 77 77 77 77 77 77 77 77 77 77 77 77 77 77 77 77 77 77 77 77 77 77 60 60 60 60 60 60 60 60 60 60 60 60 60 60 60 60 60 60
 20 20 20 77 77 77 20 20 20 20 20 20 20 77 77 77 77 77 77 77 77 77 77 77 77 77 77 77 77 77 77 77 77 77 77 77 77 77 77 77 77 77 60 60 60 77 60 60 60 60 60 60 60 60 60 60 60 60 60 60
 20 20 20 20 77 77 77 77 20 20 20 20 20 20 77 77 77 77 77 77 77 77 77 77 77 77 77 77 77 77 77 77 77 77 77 77 77 77 77 77 77 77 60 60 60 60 60 60 60 60 60 60 60 60 60 60 60 60 60 60
 20 20 20 20 77 77 77 20 20 20 20 20 20 20 20 77 77 77 77 77 77 77 77 77 77 77 77 77 77 77 77 77 77 77 77 77 77 77 77 77 77 77 60 60 60 77 60 60 60 60 60 60 60 60 60 60 60 60 60 60
 20 20 20 20 77 77 77 77 20 20 20 20 20 20 20 20 77 77 77 77 77 77 77 77 20 20 77 77 77 77 77 77 77 77 77 77 77 77 77 77 77 77 60 60 77 77 77 60 60 60 60 60 60 60 60 60 60 60 60 60
 20 20 20 20 20 77 77 77 77 77 20 20 77 20 20 20 20 77 77 77 77 77 77 77 77 20 20 77 77 77 77 77 77 77 77 77 77 77 77 77 77 77 77 60 77 77 60 60 60 60 60 60 60 60 60 60 60 60 60 60
 20 20 20 20 20 77 77 77 77 77 77 77 77 77 20 20 20 20 77 77 77 77 77 77 20 20 20 77 77 77 77 77 77 77 77 77 77 77 77 77 77 77 77 77 77 77 60 60 60 60 60 60 60 60 60 60 60 60 60 60
 20 20 20 20 20 20 20 20 77 77 77 20 77 77 77 77 77 20 20 20 20 77 77 77 20 20 20 20 77 77 77 77 77 77 77 77 77 77 77 77 77 77 77 77 60 60 60 60 60 60 60 60 60 60 60 60 60 60 60 60
 20 20 20 20 20 20 20 20 20 20 20 20 77 77 77 77 77 77 77 77 77 77 77 77 77 20 20 20 20 77 77 77 77 77 77 77 77 77 77 77 77 77 77 77 77 77 60 60 60 60 60 60 60 60 60 60 60 60 60 60
 20 20 20 20 20 20 20 20 20 20 20 20 77 77 77 20 77 20 20 77 77 77 77 77 20 20 20 20 20 77 77 77 77 77 77 77 77 77 77 77 77 77 77 77 60 77 60 60 60 60 60 60 60 60 60 60 60 60 60 60
 20 20 20 20 20 20 20 20 20 20 20 20 77 77 20 20 20 20 20 77 20 20 20 20 20 20 20 20 20 77 77 77 77 77 77 77 77 77 77 77 77 77 77 60 60 77 60 60 60 60 60 60 60 60 60 60 60 60 60 60
 20 20 20 20 20 20 20 20 20 20 20 20 20 77 20 20 20 20 20 20 20 20 20 20 20 20 20 20 20 77 77 77 77 77 77 77 77 77 77 77 77 77 77 60 60 60 60 60 60 60 60 60 60 60 60 60 60 60 60 60
 20 20 20 20 20 20 20 20 20 20 20 20 20 20 77 20 20 20 20 20 20 20 20 20 20 20 20 20 20 77 77 77 77 77 77 77 77 77 77 77 77 77 77 60 60 77 60 60 60 60 60 60 60 60 60 60 60 60 60 60
 20 20 20 20 20 20 20 20 20 20 20 20 20 20 77 20 20 20 20 20 20 20 20 20 20 20 20 20 20 77 77 77 77 77 77 77 77 77 77 77 77 77 77 60 77 77 60 60 60 60 60 60 60 60 60 60 60 60 60 60
 20 20 20 20 20 20 20 20 20 20 20 20 20 20 20 77 20 20 20 20 20 20 20 20 20 20 20 20 20 77 77 77 77 77 77 77 77 77 77 77 77 77 77 60 77 77 60 60 60 60 60 60 60 60 60 60 60 60 60 60
 20 20 20 20 20 20 20 20 20 20 20 20 20 20 20 20 20 20 20 20 20 20 20 20 20 20 20 20 20 77 77 77 77 77 77 77 77 77 77 77 77 77 77 60 77 77 60 60 60 60 60 60 60 60 60 60 60 60 60 60
 20 20 20 20 20 20 20 20 20 20 20 20 20 20 20 20 20 20 20 20 20 20 20 20 20 20 20 20 20 77 77 77 77 77 77 77 77 77 77 77 77 77 60 60 77 77 60 60 60 60 60 60 60 60 60 60 60 60 60 60
 20 20 20 20 20 20 20 20 20 20 20 20 20 20 20 20 20 20 20 20 20 20 20 20 20 20 20 20 77 77 77 77 77 77 77 77 77 77 77 77 77 77 60 60 60 60 60 60 60 60 60 60 60 60 60 60 60 60 60 60
 20 20 20 20 20 20 20 20 20 20 20 20 20 20 20 20 20 20 20 20 20 20 20 20 20 20 20 20 20 77 77 77 77 77 77 77 77 77 77 77 77 60 60 60 60 60 60 60 60 60 60 60 60 60 60 60 60 60 60 60
 20 20 20 20 20 20 20 20 20 20 20 20 20 20 20 20 20 20 20 20 20 20 20 20 20 20 20 20 20 77 77 77 77 77 77 77 77 77 77 77 77 60 60 60 60 60 60 60 60 60 60 60 60 60 60 60 60 60 60 60
 20 20 20 20 20 20 20 20 20 20 20 20 20 20 20 20 20 20 20 20 20 20 20 20 20 20 20 20 20 77 77 77 77 77 77 77 77 77 77 77 77 60 60 60 60 60 60 60 60 60 60 60 60 60 60 60 60 60 60 60
 20 20 20 20 20 20 20 20 20 20 20 20 20 20 20 20 20 20 20 20 77 20 20 20 77 77 77 20 20 20 77 77 77 77 77 77 77 77 77 77 77 60 60 60 60 60 60 60 60 60 60 60 60 60 60 60 60 60 60 60
 20 20 20 20 20 20 20 20 20 20 20 20 20 20 20 20 20 20 20 20 20 77 77 77 77 77 77 77 20 20 20 77 77 77 77 77 77 77 77 77 77 77 60 60 60 60 60 60 60 60 60 60 60 60 60 60 60 60 60 60
 20 20 20 20 20 20 20 20 20 20 20 20 20 20 20 20 20 20 20 20 20 77 77 77 77 77 77 77 20 20 20 77 77 77 77 77 77 77 77 77 77 60 60 60 60 60 60 60 60 60 60 60 60 60 60 60 60 60 60 60
 20 20 20 20 20 20 20 20 20 20 20 20 20 20 20 20 20 20 20 20 20 20 77 77 77 77 77 77 77 20 20 77 77 77 77 77 77 77 77 77 77 60 60 60 60 60 60 60 60 60 60 60 60 60 60 60 60 60 60 60
 20 20 20 20 20 20 20 20 20 20 20 20 20 20 20 20 20 20 20 20 20 20 20 77 77 77 77 77 77 20 20 77 77 77 77 77 77 77 77 77 77 60 60 60 60 60 60 60 60 60 60 60 60 60 60 60 60 60 60 60
 20 20 20 20 20 20 20 20 20 20 20 20 20 20 20 20 20 20 20 20 20 20 20 20 77 77 77 77 77 77 77 77 77 77 77 77 77 77 77 77 60 60 60 60 60 60 60 60 60 60 60 60 60 60 60 60 60 60 60 60
 20 20 20 20 20 20 20 20 20 20 20 20 20 20 20 20 20 20 20 20 20 20 20 20 77 77 77 77 77 77 20 77 77 77 77 77 77 77 77 77 60 60 60 60 60 60 60 60 60 60 60 60 60 60 60 60 60 60 60 60
 20 20 20 20 20 20 20 20 20 20 20 20 20 20 20 20 20 20 20 20 20 20 20 20 20 20 77 77 77 77 77 77 77 77 77 77 77 77 77 77 60 60 60 60 60 60 60 60 60 60 60 60 60 60 60 60 60 60 60 60
 20 20 20 20 20 20 20 20 20 20 20 20 20 20 20 20 20 20 20 20 20 20 20 20 20 20 77 20 77 77 77 77 77 77 77 77 77 77 77 77 60 60 60 60 60 60 60 60 60 60 60 60 60 60 60 60 60 60 60 60
 20 20 20 20 20 20 20 20 20 20 20 20 20 20 20 20 20 20 20 20 20 20 20 20 20 20 20 20 77 77 77 77 77 77 77 77 77 77 77 77 60 60 60 60 60 60 60 60 60 60 60 60 60 60 60 60 60 60 60 60
 20 20 20 20 20 20 20 20 20 20 20 20 20 20 20 20 20 20 20 20 20 20 20 20 20 20 20 20 20 20 77 77 77 77 77 77 77 77 77 77 60 60 60 60 60 60 60 60 60 60 60 60 60 60 60 60 60 60 60 60
 20 20 20 20 20 20 20 20 20 20 20 20 20 20 20 20 20 20 20 20 20 20 20 20 20 20 20 20 20 77 77 77 77 77 77 77 77 77 77 77 60 60 60 60 60 60 60 60 60 60 60 60 60 60 60 60 60 60 60 60
 20 20 20 20 20 20 20 20 20 20 20 20 20 20 20 20 20 20 20 20 20 20 20 20 20 20 20 20 20 20 77 77 77 77 77 77 77 77 77 77 60 60 60 60 60 60 60 60 60 60 60 60 60 60 60 60 60 60 60 60
 20 20 20 20 20 20 20 20 20 20 20 20 20 20 20 20 20 20 20 20 20 20 20 20 20 20 20 20 20 20 77 77 77 77 77 77 77 77 77 77 60 60 60 60 60 60 60 60 60 60 60 60 60 60 60 60 60 60 60 60
 20 20 20 20 20 20 20 20 20 20 20 20 20 20 20 20 20 20 20 20 20 20 20 20 20 20 20 20 20 20 77 77 77 77 77 77 77 77 77 77 60 60 60 60 60 60 60 60 60 60 60 60 60 60 60 60 60 60 60 60
 20 20 20 20 20 20 20 20 20 20 20 20 20 20 20 20 20 20 20 20 20 20 20 20 20 20 20 20 20 20 77 77 77 77 77 77 77 77 77 77 60 60 60 60 60 60 60 60 60 60 60 60 60 60 60 60 60 60 60 60
 20 20 20 20 20 20 20 20 20 20 20 20 20 20 20 20 20 20 20 20 20 20 20 20 20 20 20 20 20 20 77 77 77 77 77 77 77 77 77 77 60 60 60 60 60 60 60 60 60 60 60 60 60 60 60 60 60 60 60 60
 20 20 20 20 20 20 20 20 20 20 20 20 20 20 20 20 20 20 20 20 20 20 20 20 20 20 20 20 20 20 20 77 77 77 77 77 77 77 77 77 60 60 60 60 60 60 60 60 60 60 60 60 60 60 60 60 60 60 60 60
 20 20 20 20 20 20 20 20 20 20 20 20 20 20 20 20 20 20 20 20 20 20 20 20 20 20 20 20 20 20 20 77 77 77 77 77 77 77 77 77 60 60 60 60 60 60 60 60 60 60 60 60 60 60 60 60 60 60 60 60
 20 20 20 20 20 20 20 20 20 20 20 20 20 20 20 20 20 20 20 20 20 20 20 20 20 20 20 20 20 20 20 77 77 77 77 77 77 77 77 77 60 60 60 60 60 60 60 60 60 60 60 60 60 60 60 60 60 60 60 60
 20 20 20 20 20 20 20 20 20 20 20 20 20 20 20 20 20 20 20 20 20 20 20 20 20 20 20 20 20 20 20 20 77 77 77 77 77 77 77 77 60 60 60 60 60 60 60 60 60 60 60 60 60 60 60 60 60 60 60 60
 20 20 20 20 20 20 20 20 20 20 20 20 20 20 20 20 20 20 20 20 20 20 20 20 20 20 20 20 20 20 20 20 77 77 77 77 77 77 77 77 60 60 60 60 60 60 60 60 60 60 60 60 60 60 60 60 60 60 60 60
 20 20 20 20 20 20 20 20 20 20 20 20 20 20 20 20 20 20 20 20 20 20 20 20 20 20 20 20 20 20 20 20 77 77 77 77 77 77 77 77 60 60 60 60 60 60 60 60 60 60 60 60 60 60 60 60 60 60 60 60
 20 20 20 20 20 20 20 20 20 20 20 20 20 20 20 20 20 20 20 20 20 20 20 20 20 20 20 20 20 20 20 20 77 77 77 77 77 77 77 77 60 60 60 60 60 60 60 60 60 60 60 60 60 60 60 60 60 60 60 60
 20 20 20 20 20 20 20 20 20 20 20 20 20 20 20 20 20 20 20 20 20 20 20 20 20 20 20 20 20 20 20 20 77 20 77 77 77 77 77 77 77 77 60 60 60 60 60 60 60 60 60 60 60 60 60 60 60 60 60 60
